1	1.00000000000000e-05
0.999165971643036	0.000834028356964137
0.998331943286072	0.00166805671392827
0.997497914929108	0.00250208507089241
0.996663886572143	0.00333611342785655
0.995829858215179	0.00417014178482068
0.994995829858215	0.00500417014178482
0.994161801501251	0.00583819849874896
0.993327773144287	0.00667222685571309
0.992493744787323	0.00750625521267723
0.991659716430359	0.00834028356964137
0.990825688073395	0.00917431192660551
0.989991659716430	0.0100083402835696
0.989157631359466	0.0108423686405338
0.988323603002502	0.0116763969974979
0.987489574645538	0.0125104253544621
0.986655546288574	0.0133444537114262
0.985821517931610	0.0141784820683903
0.984987489574646	0.0150125104253545
0.984153461217681	0.0158465387823186
0.983319432860717	0.0166805671392827
0.982485404503753	0.0175145954962469
0.981651376146789	0.0183486238532110
0.980817347789825	0.0191826522101751
0.979983319432861	0.0200166805671393
0.979149291075897	0.0208507089241034
0.978315262718932	0.0216847372810676
0.977481234361968	0.0225187656380317
0.976647206005004	0.0233527939949958
0.975813177648040	0.0241868223519600
0.974979149291076	0.0250208507089241
0.974145120934112	0.0258548790658882
0.973311092577148	0.0266889074228524
0.972477064220184	0.0275229357798165
0.971643035863219	0.0283569641367807
0.970809007506255	0.0291909924937448
0.969974979149291	0.0300250208507089
0.969140950792327	0.0308590492076731
0.968306922435363	0.0316930775646372
0.967472894078399	0.0325271059216013
0.966638865721435	0.0333611342785655
0.965804837364470	0.0341951626355296
0.964970809007506	0.0350291909924937
0.964136780650542	0.0358632193494579
0.963302752293578	0.0366972477064220
0.962468723936614	0.0375312760633862
0.961634695579650	0.0383653044203503
0.960800667222686	0.0391993327773144
0.959966638865721	0.0400333611342786
0.959132610508757	0.0408673894912427
0.958298582151793	0.0417014178482068
0.957464553794829	0.0425354462051710
0.956630525437865	0.0433694745621351
0.955796497080901	0.0442035029190993
0.954962468723937	0.0450375312760634
0.954128440366973	0.0458715596330275
0.953294412010008	0.0467055879899917
0.952460383653044	0.0475396163469558
0.951626355296080	0.0483736447039199
0.950792326939116	0.0492076730608841
0.949958298582152	0.0500417014178482
0.949124270225188	0.0508757297748123
0.948290241868224	0.0517097581317765
0.947456213511259	0.0525437864887406
0.946622185154295	0.0533778148457048
0.945788156797331	0.0542118432026689
0.944954128440367	0.0550458715596330
0.944120100083403	0.0558798999165972
0.943286071726439	0.0567139282735613
0.942452043369475	0.0575479566305254
0.941618015012510	0.0583819849874896
0.940783986655546	0.0592160133444537
0.939949958298582	0.0600500417014178
0.939115929941618	0.0608840700583820
0.938281901584654	0.0617180984153461
0.937447873227690	0.0625521267723103
0.936613844870726	0.0633861551292744
0.935779816513762	0.0642201834862385
0.934945788156797	0.0650542118432027
0.934111759799833	0.0658882402001668
0.933277731442869	0.0667222685571309
0.932443703085905	0.0675562969140951
0.931609674728941	0.0683903252710592
0.930775646371977	0.0692243536280234
0.929941618015013	0.0700583819849875
0.929107589658048	0.0708924103419516
0.928273561301084	0.0717264386989158
0.927439532944120	0.0725604670558799
0.926605504587156	0.0733944954128440
0.925771476230192	0.0742285237698082
0.924937447873228	0.0750625521267723
0.924103419516264	0.0758965804837364
0.923269391159299	0.0767306088407006
0.922435362802335	0.0775646371976647
0.921601334445371	0.0783986655546289
0.920767306088407	0.0792326939115930
0.919933277731443	0.0800667222685571
0.919099249374479	0.0809007506255213
0.918265221017515	0.0817347789824854
0.917431192660551	0.0825688073394496
0.916597164303586	0.0834028356964137
0.915763135946622	0.0842368640533778
0.914929107589658	0.0850708924103420
0.914095079232694	0.0859049207673061
0.913261050875730	0.0867389491242702
0.912427022518766	0.0875729774812344
0.911592994161802	0.0884070058381985
0.910758965804837	0.0892410341951626
0.909924937447873	0.0900750625521268
0.909090909090909	0.0909090909090909
0.908256880733945	0.0917431192660551
0.907422852376981	0.0925771476230192
0.906588824020017	0.0934111759799833
0.905754795663053	0.0942452043369475
0.904920767306088	0.0950792326939116
0.904086738949124	0.0959132610508757
0.903252710592160	0.0967472894078399
0.902418682235196	0.0975813177648040
0.901584653878232	0.0984153461217681
0.900750625521268	0.0992493744787323
0.899916597164304	0.100083402835696
0.899082568807340	0.100917431192661
0.898248540450375	0.101751459549625
0.897414512093411	0.102585487906589
0.896580483736447	0.103419516263553
0.895746455379483	0.104253544620517
0.894912427022519	0.105087572977481
0.894078398665555	0.105921601334445
0.893244370308591	0.106755629691410
0.892410341951626	0.107589658048374
0.891576313594662	0.108423686405338
0.890742285237698	0.109257714762302
0.889908256880734	0.110091743119266
0.889074228523770	0.110925771476230
0.888240200166806	0.111759799833194
0.887406171809842	0.112593828190158
0.886572143452877	0.113427856547123
0.885738115095913	0.114261884904087
0.884904086738949	0.115095913261051
0.884070058381985	0.115929941618015
0.883236030025021	0.116763969974979
0.882402001668057	0.117597998331943
0.881567973311093	0.118432026688907
0.880733944954129	0.119266055045872
0.879899916597164	0.120100083402836
0.879065888240200	0.120934111759800
0.878231859883236	0.121768140116764
0.877397831526272	0.122602168473728
0.876563803169308	0.123436196830692
0.875729774812344	0.124270225187656
0.874895746455380	0.125104253544621
0.874061718098415	0.125938281901585
0.873227689741451	0.126772310258549
0.872393661384487	0.127606338615513
0.871559633027523	0.128440366972477
0.870725604670559	0.129274395329441
0.869891576313595	0.130108423686405
0.869057547956631	0.130942452043369
0.868223519599666	0.131776480400334
0.867389491242702	0.132610508757298
0.866555462885738	0.133444537114262
0.865721434528774	0.134278565471226
0.864887406171810	0.135112593828190
0.864053377814846	0.135946622185154
0.863219349457882	0.136780650542118
0.862385321100918	0.137614678899083
0.861551292743953	0.138448707256047
0.860717264386989	0.139282735613011
0.859883236030025	0.140116763969975
0.859049207673061	0.140950792326939
0.858215179316097	0.141784820683903
0.857381150959133	0.142618849040867
0.856547122602169	0.143452877397832
0.855713094245204	0.144286905754796
0.854879065888240	0.145120934111760
0.854045037531276	0.145954962468724
0.853211009174312	0.146788990825688
0.852376980817348	0.147623019182652
0.851542952460384	0.148457047539616
0.850708924103420	0.149291075896580
0.849874895746455	0.150125104253545
0.849040867389491	0.150959132610509
0.848206839032527	0.151793160967473
0.847372810675563	0.152627189324437
0.846538782318599	0.153461217681401
0.845704753961635	0.154295246038365
0.844870725604671	0.155129274395329
0.844036697247707	0.155963302752294
0.843202668890742	0.156797331109258
0.842368640533778	0.157631359466222
0.841534612176814	0.158465387823186
0.840700583819850	0.159299416180150
0.839866555462886	0.160133444537114
0.839032527105922	0.160967472894078
0.838198498748958	0.161801501251043
0.837364470391993	0.162635529608007
0.836530442035029	0.163469557964971
0.835696413678065	0.164303586321935
0.834862385321101	0.165137614678899
0.834028356964137	0.165971643035863
0.833194328607173	0.166805671392827
0.832360300250209	0.167639699749791
0.831526271893244	0.168473728106756
0.830692243536280	0.169307756463720
0.829858215179316	0.170141784820684
0.829024186822352	0.170975813177648
0.828190158465388	0.171809841534612
0.827356130108424	0.172643869891576
0.826522101751460	0.173477898248540
0.825688073394496	0.174311926605505
0.824854045037531	0.175145954962469
0.824020016680567	0.175979983319433
0.823185988323603	0.176814011676397
0.822351959966639	0.177648040033361
0.821517931609675	0.178482068390325
0.820683903252711	0.179316096747289
0.819849874895747	0.180150125104254
0.819015846538782	0.180984153461218
0.818181818181818	0.181818181818182
0.817347789824854	0.182652210175146
0.816513761467890	0.183486238532110
0.815679733110926	0.184320266889074
0.814845704753962	0.185154295246038
0.814011676396998	0.185988323603003
0.813177648040033	0.186822351959967
0.812343619683069	0.187656380316931
0.811509591326105	0.188490408673895
0.810675562969141	0.189324437030859
0.809841534612177	0.190158465387823
0.809007506255213	0.190992493744787
0.808173477898249	0.191826522101751
0.807339449541284	0.192660550458716
0.806505421184320	0.193494578815680
0.805671392827356	0.194328607172644
0.804837364470392	0.195162635529608
0.804003336113428	0.195996663886572
0.803169307756464	0.196830692243536
0.802335279399500	0.197664720600500
0.801501251042535	0.198498748957465
0.800667222685571	0.199332777314429
0.799833194328607	0.200166805671393
0.798999165971643	0.201000834028357
0.798165137614679	0.201834862385321
0.797331109257715	0.202668890742285
0.796497080900751	0.203502919099249
0.795663052543786	0.204336947456214
0.794829024186822	0.205170975813178
0.793994995829858	0.206005004170142
0.793160967472894	0.206839032527106
0.792326939115930	0.207673060884070
0.791492910758966	0.208507089241034
0.790658882402002	0.209341117597998
0.789824854045038	0.210175145954962
0.788990825688073	0.211009174311927
0.788156797331109	0.211843202668891
0.787322768974145	0.212677231025855
0.786488740617181	0.213511259382819
0.785654712260217	0.214345287739783
0.784820683903253	0.215179316096747
0.783986655546289	0.216013344453711
0.783152627189324	0.216847372810676
0.782318598832360	0.217681401167640
0.781484570475396	0.218515429524604
0.780650542118432	0.219349457881568
0.779816513761468	0.220183486238532
0.778982485404504	0.221017514595496
0.778148457047540	0.221851542952460
0.777314428690575	0.222685571309425
0.776480400333611	0.223519599666389
0.775646371976647	0.224353628023353
0.774812343619683	0.225187656380317
0.773978315262719	0.226021684737281
0.773144286905755	0.226855713094245
0.772310258548791	0.227689741451209
0.771476230191827	0.228523769808174
0.770642201834862	0.229357798165138
0.769808173477898	0.230191826522102
0.768974145120934	0.231025854879066
0.768140116763970	0.231859883236030
0.767306088407006	0.232693911592994
0.766472060050042	0.233527939949958
0.765638031693078	0.234361968306922
0.764804003336113	0.235195996663887
0.763969974979149	0.236030025020851
0.763135946622185	0.236864053377815
0.762301918265221	0.237698081734779
0.761467889908257	0.238532110091743
0.760633861551293	0.239366138448707
0.759799833194329	0.240200166805671
0.758965804837364	0.241034195162636
0.758131776480400	0.241868223519600
0.757297748123436	0.242702251876564
0.756463719766472	0.243536280233528
0.755629691409508	0.244370308590492
0.754795663052544	0.245204336947456
0.753961634695580	0.246038365304420
0.753127606338616	0.246872393661385
0.752293577981651	0.247706422018349
0.751459549624687	0.248540450375313
0.750625521267723	0.249374478732277
0.749791492910759	0.250208507089241
0.748957464553795	0.251042535446205
0.748123436196831	0.251876563803169
0.747289407839867	0.252710592160133
0.746455379482902	0.253544620517098
0.745621351125938	0.254378648874062
0.744787322768974	0.255212677231026
0.743953294412010	0.256046705587990
0.743119266055046	0.256880733944954
0.742285237698082	0.257714762301918
0.741451209341118	0.258548790658882
0.740617180984153	0.259382819015847
0.739783152627189	0.260216847372811
0.738949124270225	0.261050875729775
0.738115095913261	0.261884904086739
0.737281067556297	0.262718932443703
0.736447039199333	0.263552960800667
0.735613010842369	0.264386989157631
0.734778982485405	0.265221017514596
0.733944954128440	0.266055045871560
0.733110925771476	0.266889074228524
0.732276897414512	0.267723102585488
0.731442869057548	0.268557130942452
0.730608840700584	0.269391159299416
0.729774812343620	0.270225187656380
0.728940783986656	0.271059216013344
0.728106755629691	0.271893244370309
0.727272727272727	0.272727272727273
0.726438698915763	0.273561301084237
0.725604670558799	0.274395329441201
0.724770642201835	0.275229357798165
0.723936613844871	0.276063386155129
0.723102585487907	0.276897414512093
0.722268557130942	0.277731442869058
0.721434528773978	0.278565471226022
0.720600500417014	0.279399499582986
0.719766472060050	0.280233527939950
0.718932443703086	0.281067556296914
0.718098415346122	0.281901584653878
0.717264386989158	0.282735613010842
0.716430358632194	0.283569641367807
0.715596330275229	0.284403669724771
0.714762301918265	0.285237698081735
0.713928273561301	0.286071726438699
0.713094245204337	0.286905754795663
0.712260216847373	0.287739783152627
0.711426188490409	0.288573811509591
0.710592160133445	0.289407839866555
0.709758131776480	0.290241868223520
0.708924103419516	0.291075896580484
0.708090075062552	0.291909924937448
0.707256046705588	0.292743953294412
0.706422018348624	0.293577981651376
0.705587989991660	0.294412010008340
0.704753961634696	0.295246038365304
0.703919933277731	0.296080066722269
0.703085904920767	0.296914095079233
0.702251876563803	0.297748123436197
0.701417848206839	0.298582151793161
0.700583819849875	0.299416180150125
0.699749791492911	0.300250208507089
0.698915763135947	0.301084236864053
0.698081734778983	0.301918265221018
0.697247706422018	0.302752293577982
0.696413678065054	0.303586321934946
0.695579649708090	0.304420350291910
0.694745621351126	0.305254378648874
0.693911592994162	0.306088407005838
0.693077564637198	0.306922435362802
0.692243536280234	0.307756463719766
0.691409507923269	0.308590492076731
0.690575479566305	0.309424520433695
0.689741451209341	0.310258548790659
0.688907422852377	0.311092577147623
0.688073394495413	0.311926605504587
0.687239366138449	0.312760633861551
0.686405337781485	0.313594662218515
0.685571309424520	0.314428690575480
0.684737281067556	0.315262718932444
0.683903252710592	0.316096747289408
0.683069224353628	0.316930775646372
0.682235195996664	0.317764804003336
0.681401167639700	0.318598832360300
0.680567139282736	0.319432860717264
0.679733110925772	0.320266889074229
0.678899082568807	0.321100917431193
0.678065054211843	0.321934945788157
0.677231025854879	0.322768974145121
0.676396997497915	0.323603002502085
0.675562969140951	0.324437030859049
0.674728940783987	0.325271059216013
0.673894912427023	0.326105087572977
0.673060884070058	0.326939115929942
0.672226855713094	0.327773144286906
0.671392827356130	0.328607172643870
0.670558798999166	0.329441201000834
0.669724770642202	0.330275229357798
0.668890742285238	0.331109257714762
0.668056713928274	0.331943286071726
0.667222685571309	0.332777314428691
0.666388657214345	0.333611342785655
0.665554628857381	0.334445371142619
0.664720600500417	0.335279399499583
0.663886572143453	0.336113427856547
0.663052543786489	0.336947456213511
0.662218515429525	0.337781484570475
0.661384487072561	0.338615512927440
0.660550458715596	0.339449541284404
0.659716430358632	0.340283569641368
0.658882402001668	0.341117597998332
0.658048373644704	0.341951626355296
0.657214345287740	0.342785654712260
0.656380316930776	0.343619683069224
0.655546288573812	0.344453711426188
0.654712260216847	0.345287739783153
0.653878231859883	0.346121768140117
0.653044203502919	0.346955796497081
0.652210175145955	0.347789824854045
0.651376146788991	0.348623853211009
0.650542118432027	0.349457881567973
0.649708090075063	0.350291909924938
0.648874061718098	0.351125938281902
0.648040033361134	0.351959966638866
0.647206005004170	0.352793994995830
0.646371976647206	0.353628023352794
0.645537948290242	0.354462051709758
0.644703919933278	0.355296080066722
0.643869891576314	0.356130108423686
0.643035863219350	0.356964136780651
0.642201834862385	0.357798165137615
0.641367806505421	0.358632193494579
0.640533778148457	0.359466221851543
0.639699749791493	0.360300250208507
0.638865721434529	0.361134278565471
0.638031693077565	0.361968306922435
0.637197664720601	0.362802335279400
0.636363636363636	0.363636363636364
0.635529608006672	0.364470391993328
0.634695579649708	0.365304420350292
0.633861551292744	0.366138448707256
0.633027522935780	0.366972477064220
0.632193494578816	0.367806505421184
0.631359466221852	0.368640533778149
0.630525437864888	0.369474562135113
0.629691409507923	0.370308590492077
0.628857381150959	0.371142618849041
0.628023352793995	0.371976647206005
0.627189324437031	0.372810675562969
0.626355296080067	0.373644703919933
0.625521267723103	0.374478732276897
0.624687239366139	0.375312760633862
0.623853211009174	0.376146788990826
0.623019182652210	0.376980817347790
0.622185154295246	0.377814845704754
0.621351125938282	0.378648874061718
0.620517097581318	0.379482902418682
0.619683069224354	0.380316930775646
0.618849040867390	0.381150959132611
0.618015012510425	0.381984987489575
0.617180984153461	0.382819015846539
0.616346955796497	0.383653044203503
0.615512927439533	0.384487072560467
0.614678899082569	0.385321100917431
0.613844870725605	0.386155129274395
0.613010842368641	0.386989157631360
0.612176814011677	0.387823185988324
0.611342785654712	0.388657214345288
0.610508757297748	0.389491242702252
0.609674728940784	0.390325271059216
0.608840700583820	0.391159299416180
0.608006672226856	0.391993327773144
0.607172643869892	0.392827356130108
0.606338615512927	0.393661384487073
0.605504587155963	0.394495412844037
0.604670558798999	0.395329441201001
0.603836530442035	0.396163469557965
0.603002502085071	0.396997497914929
0.602168473728107	0.397831526271893
0.601334445371143	0.398665554628857
0.600500417014178	0.399499582985822
0.599666388657214	0.400333611342786
0.598832360300250	0.401167639699750
0.597998331943286	0.402001668056714
0.597164303586322	0.402835696413678
0.596330275229358	0.403669724770642
0.595496246872394	0.404503753127606
0.594662218515430	0.405337781484571
0.593828190158465	0.406171809841535
0.592994161801501	0.407005838198499
0.592160133444537	0.407839866555463
0.591326105087573	0.408673894912427
0.590492076730609	0.409507923269391
0.589658048373645	0.410341951626355
0.588824020016681	0.411175979983319
0.587989991659716	0.412010008340284
0.587155963302752	0.412844036697248
0.586321934945788	0.413678065054212
0.585487906588824	0.414512093411176
0.584653878231860	0.415346121768140
0.583819849874896	0.416180150125104
0.582985821517932	0.417014178482068
0.582151793160967	0.417848206839033
0.581317764804003	0.418682235195997
0.580483736447039	0.419516263552961
0.579649708090075	0.420350291909925
0.578815679733111	0.421184320266889
0.577981651376147	0.422018348623853
0.577147623019183	0.422852376980817
0.576313594662219	0.423686405337781
0.575479566305254	0.424520433694746
0.574645537948290	0.425354462051710
0.573811509591326	0.426188490408674
0.572977481234362	0.427022518765638
0.572143452877398	0.427856547122602
0.571309424520434	0.428690575479566
0.570475396163470	0.429524603836530
0.569641367806505	0.430358632193495
0.568807339449541	0.431192660550459
0.567973311092577	0.432026688907423
0.567139282735613	0.432860717264387
0.566305254378649	0.433694745621351
0.565471226021685	0.434528773978315
0.564637197664721	0.435362802335279
0.563803169307756	0.436196830692244
0.562969140950792	0.437030859049208
0.562135112593828	0.437864887406172
0.561301084236864	0.438698915763136
0.560467055879900	0.439532944120100
0.559633027522936	0.440366972477064
0.558798999165972	0.441201000834028
0.557964970809008	0.442035029190992
0.557130942452043	0.442869057547957
0.556296914095079	0.443703085904921
0.555462885738115	0.444537114261885
0.554628857381151	0.445371142618849
0.553794829024187	0.446205170975813
0.552960800667223	0.447039199332777
0.552126772310259	0.447873227689741
0.551292743953294	0.448707256046706
0.550458715596330	0.449541284403670
0.549624687239366	0.450375312760634
0.548790658882402	0.451209341117598
0.547956630525438	0.452043369474562
0.547122602168474	0.452877397831526
0.546288573811510	0.453711426188490
0.545454545454545	0.454545454545455
0.544620517097581	0.455379482902419
0.543786488740617	0.456213511259383
0.542952460383653	0.457047539616347
0.542118432026689	0.457881567973311
0.541284403669725	0.458715596330275
0.540450375312761	0.459549624687239
0.539616346955797	0.460383653044204
0.538782318598832	0.461217681401168
0.537948290241868	0.462051709758132
0.537114261884904	0.462885738115096
0.536280233527940	0.463719766472060
0.535446205170976	0.464553794829024
0.534612176814012	0.465387823185988
0.533778148457048	0.466221851542953
0.532944120100083	0.467055879899917
0.532110091743119	0.467889908256881
0.531276063386155	0.468723936613845
0.530442035029191	0.469557964970809
0.529608006672227	0.470391993327773
0.528773978315263	0.471226021684737
0.527939949958299	0.472060050041701
0.527105921601334	0.472894078398666
0.526271893244370	0.473728106755630
0.525437864887406	0.474562135112594
0.524603836530442	0.475396163469558
0.523769808173478	0.476230191826522
0.522935779816514	0.477064220183486
0.522101751459550	0.477898248540450
0.521267723102586	0.478732276897415
0.520433694745621	0.479566305254379
0.519599666388657	0.480400333611343
0.518765638031693	0.481234361968307
0.517931609674729	0.482068390325271
0.517097581317765	0.482902418682235
0.516263552960801	0.483736447039199
0.515429524603837	0.484570475396164
0.514595496246872	0.485404503753128
0.513761467889908	0.486238532110092
0.512927439532944	0.487072560467056
0.512093411175980	0.487906588824020
0.511259382819016	0.488740617180984
0.510425354462052	0.489574645537948
0.509591326105088	0.490408673894912
0.508757297748123	0.491242702251877
0.507923269391159	0.492076730608841
0.507089241034195	0.492910758965805
0.506255212677231	0.493744787322769
0.505421184320267	0.494578815679733
0.504587155963303	0.495412844036697
0.503753127606339	0.496246872393661
0.502919099249375	0.497080900750626
0.502085070892410	0.497914929107590
0.501251042535446	0.498748957464554
0.500417014178482	0.499582985821518
0.499582985821518	0.500417014178482
0.498748957464554	0.501251042535446
0.497914929107590	0.502085070892410
0.497080900750626	0.502919099249375
0.496246872393661	0.503753127606339
0.495412844036697	0.504587155963303
0.494578815679733	0.505421184320267
0.493744787322769	0.506255212677231
0.492910758965805	0.507089241034195
0.492076730608841	0.507923269391159
0.491242702251877	0.508757297748123
0.490408673894912	0.509591326105088
0.489574645537948	0.510425354462052
0.488740617180984	0.511259382819016
0.487906588824020	0.512093411175980
0.487072560467056	0.512927439532944
0.486238532110092	0.513761467889908
0.485404503753128	0.514595496246872
0.484570475396164	0.515429524603837
0.483736447039199	0.516263552960801
0.482902418682235	0.517097581317765
0.482068390325271	0.517931609674729
0.481234361968307	0.518765638031693
0.480400333611343	0.519599666388657
0.479566305254379	0.520433694745621
0.478732276897415	0.521267723102586
0.477898248540450	0.522101751459550
0.477064220183486	0.522935779816514
0.476230191826522	0.523769808173478
0.475396163469558	0.524603836530442
0.474562135112594	0.525437864887406
0.473728106755630	0.526271893244370
0.472894078398666	0.527105921601334
0.472060050041701	0.527939949958299
0.471226021684737	0.528773978315263
0.470391993327773	0.529608006672227
0.469557964970809	0.530442035029191
0.468723936613845	0.531276063386155
0.467889908256881	0.532110091743119
0.467055879899917	0.532944120100083
0.466221851542953	0.533778148457048
0.465387823185988	0.534612176814012
0.464553794829024	0.535446205170976
0.463719766472060	0.536280233527940
0.462885738115096	0.537114261884904
0.462051709758132	0.537948290241868
0.461217681401168	0.538782318598832
0.460383653044204	0.539616346955797
0.459549624687239	0.540450375312761
0.458715596330275	0.541284403669725
0.457881567973311	0.542118432026689
0.457047539616347	0.542952460383653
0.456213511259383	0.543786488740617
0.455379482902419	0.544620517097581
0.454545454545455	0.545454545454545
0.453711426188490	0.546288573811510
0.452877397831526	0.547122602168474
0.452043369474562	0.547956630525438
0.451209341117598	0.548790658882402
0.450375312760634	0.549624687239366
0.449541284403670	0.550458715596330
0.448707256046706	0.551292743953294
0.447873227689741	0.552126772310259
0.447039199332777	0.552960800667223
0.446205170975813	0.553794829024187
0.445371142618849	0.554628857381151
0.444537114261885	0.555462885738115
0.443703085904921	0.556296914095079
0.442869057547957	0.557130942452043
0.442035029190992	0.557964970809008
0.441201000834028	0.558798999165972
0.440366972477064	0.559633027522936
0.439532944120100	0.560467055879900
0.438698915763136	0.561301084236864
0.437864887406172	0.562135112593828
0.437030859049208	0.562969140950792
0.436196830692244	0.563803169307756
0.435362802335279	0.564637197664721
0.434528773978315	0.565471226021685
0.433694745621351	0.566305254378649
0.432860717264387	0.567139282735613
0.432026688907423	0.567973311092577
0.431192660550459	0.568807339449541
0.430358632193495	0.569641367806505
0.429524603836530	0.570475396163470
0.428690575479566	0.571309424520434
0.427856547122602	0.572143452877398
0.427022518765638	0.572977481234362
0.426188490408674	0.573811509591326
0.425354462051710	0.574645537948290
0.424520433694746	0.575479566305254
0.423686405337781	0.576313594662219
0.422852376980817	0.577147623019183
0.422018348623853	0.577981651376147
0.421184320266889	0.578815679733111
0.420350291909925	0.579649708090075
0.419516263552961	0.580483736447039
0.418682235195997	0.581317764804003
0.417848206839033	0.582151793160967
0.417014178482068	0.582985821517932
0.416180150125104	0.583819849874896
0.415346121768140	0.584653878231860
0.414512093411176	0.585487906588824
0.413678065054212	0.586321934945788
0.412844036697248	0.587155963302752
0.412010008340284	0.587989991659716
0.411175979983319	0.588824020016681
0.410341951626355	0.589658048373645
0.409507923269391	0.590492076730609
0.408673894912427	0.591326105087573
0.407839866555463	0.592160133444537
0.407005838198499	0.592994161801501
0.406171809841535	0.593828190158465
0.405337781484571	0.594662218515430
0.404503753127606	0.595496246872394
0.403669724770642	0.596330275229358
0.402835696413678	0.597164303586322
0.402001668056714	0.597998331943286
0.401167639699750	0.598832360300250
0.400333611342786	0.599666388657214
0.399499582985822	0.600500417014178
0.398665554628857	0.601334445371143
0.397831526271893	0.602168473728107
0.396997497914929	0.603002502085071
0.396163469557965	0.603836530442035
0.395329441201001	0.604670558798999
0.394495412844037	0.605504587155963
0.393661384487073	0.606338615512927
0.392827356130108	0.607172643869892
0.391993327773144	0.608006672226856
0.391159299416180	0.608840700583820
0.390325271059216	0.609674728940784
0.389491242702252	0.610508757297748
0.388657214345288	0.611342785654712
0.387823185988324	0.612176814011677
0.386989157631360	0.613010842368641
0.386155129274395	0.613844870725605
0.385321100917431	0.614678899082569
0.384487072560467	0.615512927439533
0.383653044203503	0.616346955796497
0.382819015846539	0.617180984153461
0.381984987489575	0.618015012510425
0.381150959132611	0.618849040867390
0.380316930775646	0.619683069224354
0.379482902418682	0.620517097581318
0.378648874061718	0.621351125938282
0.377814845704754	0.622185154295246
0.376980817347790	0.623019182652210
0.376146788990826	0.623853211009174
0.375312760633862	0.624687239366139
0.374478732276897	0.625521267723103
0.373644703919933	0.626355296080067
0.372810675562969	0.627189324437031
0.371976647206005	0.628023352793995
0.371142618849041	0.628857381150959
0.370308590492077	0.629691409507923
0.369474562135113	0.630525437864888
0.368640533778149	0.631359466221852
0.367806505421184	0.632193494578816
0.366972477064220	0.633027522935780
0.366138448707256	0.633861551292744
0.365304420350292	0.634695579649708
0.364470391993328	0.635529608006672
0.363636363636364	0.636363636363636
0.362802335279400	0.637197664720601
0.361968306922435	0.638031693077565
0.361134278565471	0.638865721434529
0.360300250208507	0.639699749791493
0.359466221851543	0.640533778148457
0.358632193494579	0.641367806505421
0.357798165137615	0.642201834862385
0.356964136780651	0.643035863219350
0.356130108423686	0.643869891576314
0.355296080066722	0.644703919933278
0.354462051709758	0.645537948290242
0.353628023352794	0.646371976647206
0.352793994995830	0.647206005004170
0.351959966638866	0.648040033361134
0.351125938281902	0.648874061718098
0.350291909924938	0.649708090075063
0.349457881567973	0.650542118432027
0.348623853211009	0.651376146788991
0.347789824854045	0.652210175145955
0.346955796497081	0.653044203502919
0.346121768140117	0.653878231859883
0.345287739783153	0.654712260216847
0.344453711426188	0.655546288573812
0.343619683069224	0.656380316930776
0.342785654712260	0.657214345287740
0.341951626355296	0.658048373644704
0.341117597998332	0.658882402001668
0.340283569641368	0.659716430358632
0.339449541284404	0.660550458715596
0.338615512927440	0.661384487072561
0.337781484570475	0.662218515429525
0.336947456213511	0.663052543786489
0.336113427856547	0.663886572143453
0.335279399499583	0.664720600500417
0.334445371142619	0.665554628857381
0.333611342785655	0.666388657214345
0.332777314428691	0.667222685571309
0.331943286071726	0.668056713928274
0.331109257714762	0.668890742285238
0.330275229357798	0.669724770642202
0.329441201000834	0.670558798999166
0.328607172643870	0.671392827356130
0.327773144286906	0.672226855713094
0.326939115929942	0.673060884070058
0.326105087572977	0.673894912427023
0.325271059216013	0.674728940783987
0.324437030859049	0.675562969140951
0.323603002502085	0.676396997497915
0.322768974145121	0.677231025854879
0.321934945788157	0.678065054211843
0.321100917431193	0.678899082568807
0.320266889074229	0.679733110925772
0.319432860717264	0.680567139282736
0.318598832360300	0.681401167639700
0.317764804003336	0.682235195996664
0.316930775646372	0.683069224353628
0.316096747289408	0.683903252710592
0.315262718932444	0.684737281067556
0.314428690575480	0.685571309424520
0.313594662218515	0.686405337781485
0.312760633861551	0.687239366138449
0.311926605504587	0.688073394495413
0.311092577147623	0.688907422852377
0.310258548790659	0.689741451209341
0.309424520433695	0.690575479566305
0.308590492076731	0.691409507923269
0.307756463719766	0.692243536280234
0.306922435362802	0.693077564637198
0.306088407005838	0.693911592994162
0.305254378648874	0.694745621351126
0.304420350291910	0.695579649708090
0.303586321934946	0.696413678065054
0.302752293577982	0.697247706422018
0.301918265221018	0.698081734778983
0.301084236864053	0.698915763135947
0.300250208507089	0.699749791492911
0.299416180150125	0.700583819849875
0.298582151793161	0.701417848206839
0.297748123436197	0.702251876563803
0.296914095079233	0.703085904920767
0.296080066722269	0.703919933277731
0.295246038365304	0.704753961634696
0.294412010008340	0.705587989991660
0.293577981651376	0.706422018348624
0.292743953294412	0.707256046705588
0.291909924937448	0.708090075062552
0.291075896580484	0.708924103419516
0.290241868223520	0.709758131776480
0.289407839866555	0.710592160133445
0.288573811509591	0.711426188490409
0.287739783152627	0.712260216847373
0.286905754795663	0.713094245204337
0.286071726438699	0.713928273561301
0.285237698081735	0.714762301918265
0.284403669724771	0.715596330275229
0.283569641367807	0.716430358632194
0.282735613010842	0.717264386989158
0.281901584653878	0.718098415346122
0.281067556296914	0.718932443703086
0.280233527939950	0.719766472060050
0.279399499582986	0.720600500417014
0.278565471226022	0.721434528773978
0.277731442869058	0.722268557130942
0.276897414512093	0.723102585487907
0.276063386155129	0.723936613844871
0.275229357798165	0.724770642201835
0.274395329441201	0.725604670558799
0.273561301084237	0.726438698915763
0.272727272727273	0.727272727272727
0.271893244370309	0.728106755629691
0.271059216013344	0.728940783986656
0.270225187656380	0.729774812343620
0.269391159299416	0.730608840700584
0.268557130942452	0.731442869057548
0.267723102585488	0.732276897414512
0.266889074228524	0.733110925771476
0.266055045871560	0.733944954128440
0.265221017514596	0.734778982485405
0.264386989157631	0.735613010842369
0.263552960800667	0.736447039199333
0.262718932443703	0.737281067556297
0.261884904086739	0.738115095913261
0.261050875729775	0.738949124270225
0.260216847372811	0.739783152627189
0.259382819015847	0.740617180984153
0.258548790658882	0.741451209341118
0.257714762301918	0.742285237698082
0.256880733944954	0.743119266055046
0.256046705587990	0.743953294412010
0.255212677231026	0.744787322768974
0.254378648874062	0.745621351125938
0.253544620517098	0.746455379482902
0.252710592160133	0.747289407839867
0.251876563803169	0.748123436196831
0.251042535446205	0.748957464553795
0.250208507089241	0.749791492910759
0.249374478732277	0.750625521267723
0.248540450375313	0.751459549624687
0.247706422018349	0.752293577981651
0.246872393661385	0.753127606338616
0.246038365304420	0.753961634695580
0.245204336947456	0.754795663052544
0.244370308590492	0.755629691409508
0.243536280233528	0.756463719766472
0.242702251876564	0.757297748123436
0.241868223519600	0.758131776480400
0.241034195162636	0.758965804837364
0.240200166805671	0.759799833194329
0.239366138448707	0.760633861551293
0.238532110091743	0.761467889908257
0.237698081734779	0.762301918265221
0.236864053377815	0.763135946622185
0.236030025020851	0.763969974979149
0.235195996663887	0.764804003336113
0.234361968306922	0.765638031693078
0.233527939949958	0.766472060050042
0.232693911592994	0.767306088407006
0.231859883236030	0.768140116763970
0.231025854879066	0.768974145120934
0.230191826522102	0.769808173477898
0.229357798165138	0.770642201834862
0.228523769808174	0.771476230191827
0.227689741451209	0.772310258548791
0.226855713094245	0.773144286905755
0.226021684737281	0.773978315262719
0.225187656380317	0.774812343619683
0.224353628023353	0.775646371976647
0.223519599666389	0.776480400333611
0.222685571309425	0.777314428690575
0.221851542952460	0.778148457047540
0.221017514595496	0.778982485404504
0.220183486238532	0.779816513761468
0.219349457881568	0.780650542118432
0.218515429524604	0.781484570475396
0.217681401167640	0.782318598832360
0.216847372810676	0.783152627189324
0.216013344453711	0.783986655546289
0.215179316096747	0.784820683903253
0.214345287739783	0.785654712260217
0.213511259382819	0.786488740617181
0.212677231025855	0.787322768974145
0.211843202668891	0.788156797331109
0.211009174311927	0.788990825688073
0.210175145954962	0.789824854045038
0.209341117597998	0.790658882402002
0.208507089241034	0.791492910758966
0.207673060884070	0.792326939115930
0.206839032527106	0.793160967472894
0.206005004170142	0.793994995829858
0.205170975813178	0.794829024186822
0.204336947456214	0.795663052543786
0.203502919099249	0.796497080900751
0.202668890742285	0.797331109257715
0.201834862385321	0.798165137614679
0.201000834028357	0.798999165971643
0.200166805671393	0.799833194328607
0.199332777314429	0.800667222685571
0.198498748957465	0.801501251042535
0.197664720600500	0.802335279399500
0.196830692243536	0.803169307756464
0.195996663886572	0.804003336113428
0.195162635529608	0.804837364470392
0.194328607172644	0.805671392827356
0.193494578815680	0.806505421184320
0.192660550458716	0.807339449541284
0.191826522101751	0.808173477898249
0.190992493744787	0.809007506255213
0.190158465387823	0.809841534612177
0.189324437030859	0.810675562969141
0.188490408673895	0.811509591326105
0.187656380316931	0.812343619683069
0.186822351959967	0.813177648040033
0.185988323603003	0.814011676396998
0.185154295246038	0.814845704753962
0.184320266889074	0.815679733110926
0.183486238532110	0.816513761467890
0.182652210175146	0.817347789824854
0.181818181818182	0.818181818181818
0.180984153461218	0.819015846538782
0.180150125104254	0.819849874895747
0.179316096747289	0.820683903252711
0.178482068390325	0.821517931609675
0.177648040033361	0.822351959966639
0.176814011676397	0.823185988323603
0.175979983319433	0.824020016680567
0.175145954962469	0.824854045037531
0.174311926605505	0.825688073394496
0.173477898248540	0.826522101751460
0.172643869891576	0.827356130108424
0.171809841534612	0.828190158465388
0.170975813177648	0.829024186822352
0.170141784820684	0.829858215179316
0.169307756463720	0.830692243536280
0.168473728106756	0.831526271893244
0.167639699749791	0.832360300250209
0.166805671392827	0.833194328607173
0.165971643035863	0.834028356964137
0.165137614678899	0.834862385321101
0.164303586321935	0.835696413678065
0.163469557964971	0.836530442035029
0.162635529608007	0.837364470391993
0.161801501251043	0.838198498748958
0.160967472894078	0.839032527105922
0.160133444537114	0.839866555462886
0.159299416180150	0.840700583819850
0.158465387823186	0.841534612176814
0.157631359466222	0.842368640533778
0.156797331109258	0.843202668890742
0.155963302752294	0.844036697247707
0.155129274395329	0.844870725604671
0.154295246038365	0.845704753961635
0.153461217681401	0.846538782318599
0.152627189324437	0.847372810675563
0.151793160967473	0.848206839032527
0.150959132610509	0.849040867389491
0.150125104253545	0.849874895746455
0.149291075896580	0.850708924103420
0.148457047539616	0.851542952460384
0.147623019182652	0.852376980817348
0.146788990825688	0.853211009174312
0.145954962468724	0.854045037531276
0.145120934111760	0.854879065888240
0.144286905754796	0.855713094245204
0.143452877397832	0.856547122602169
0.142618849040867	0.857381150959133
0.141784820683903	0.858215179316097
0.140950792326939	0.859049207673061
0.140116763969975	0.859883236030025
0.139282735613011	0.860717264386989
0.138448707256047	0.861551292743953
0.137614678899083	0.862385321100918
0.136780650542118	0.863219349457882
0.135946622185154	0.864053377814846
0.135112593828190	0.864887406171810
0.134278565471226	0.865721434528774
0.133444537114262	0.866555462885738
0.132610508757298	0.867389491242702
0.131776480400334	0.868223519599666
0.130942452043369	0.869057547956631
0.130108423686405	0.869891576313595
0.129274395329441	0.870725604670559
0.128440366972477	0.871559633027523
0.127606338615513	0.872393661384487
0.126772310258549	0.873227689741451
0.125938281901585	0.874061718098415
0.125104253544621	0.874895746455380
0.124270225187656	0.875729774812344
0.123436196830692	0.876563803169308
0.122602168473728	0.877397831526272
0.121768140116764	0.878231859883236
0.120934111759800	0.879065888240200
0.120100083402836	0.879899916597164
0.119266055045872	0.880733944954129
0.118432026688907	0.881567973311093
0.117597998331943	0.882402001668057
0.116763969974979	0.883236030025021
0.115929941618015	0.884070058381985
0.115095913261051	0.884904086738949
0.114261884904087	0.885738115095913
0.113427856547123	0.886572143452877
0.112593828190158	0.887406171809842
0.111759799833194	0.888240200166806
0.110925771476230	0.889074228523770
0.110091743119266	0.889908256880734
0.109257714762302	0.890742285237698
0.108423686405338	0.891576313594662
0.107589658048374	0.892410341951626
0.106755629691410	0.893244370308591
0.105921601334445	0.894078398665555
0.105087572977481	0.894912427022519
0.104253544620517	0.895746455379483
0.103419516263553	0.896580483736447
0.102585487906589	0.897414512093411
0.101751459549625	0.898248540450375
0.100917431192661	0.899082568807340
0.100083402835696	0.899916597164304
0.0992493744787323	0.900750625521268
0.0984153461217681	0.901584653878232
0.0975813177648040	0.902418682235196
0.0967472894078399	0.903252710592160
0.0959132610508757	0.904086738949124
0.0950792326939116	0.904920767306088
0.0942452043369475	0.905754795663053
0.0934111759799833	0.906588824020017
0.0925771476230192	0.907422852376981
0.0917431192660551	0.908256880733945
0.0909090909090909	0.909090909090909
0.0900750625521268	0.909924937447873
0.0892410341951626	0.910758965804837
0.0884070058381985	0.911592994161802
0.0875729774812344	0.912427022518766
0.0867389491242702	0.913261050875730
0.0859049207673061	0.914095079232694
0.0850708924103420	0.914929107589658
0.0842368640533778	0.915763135946622
0.0834028356964137	0.916597164303586
0.0825688073394496	0.917431192660551
0.0817347789824854	0.918265221017515
0.0809007506255213	0.919099249374479
0.0800667222685571	0.919933277731443
0.0792326939115930	0.920767306088407
0.0783986655546289	0.921601334445371
0.0775646371976647	0.922435362802335
0.0767306088407006	0.923269391159299
0.0758965804837364	0.924103419516264
0.0750625521267723	0.924937447873228
0.0742285237698082	0.925771476230192
0.0733944954128440	0.926605504587156
0.0725604670558799	0.927439532944120
0.0717264386989158	0.928273561301084
0.0708924103419516	0.929107589658048
0.0700583819849875	0.929941618015013
0.0692243536280234	0.930775646371977
0.0683903252710592	0.931609674728941
0.0675562969140951	0.932443703085905
0.0667222685571309	0.933277731442869
0.0658882402001668	0.934111759799833
0.0650542118432027	0.934945788156797
0.0642201834862385	0.935779816513762
0.0633861551292744	0.936613844870726
0.0625521267723103	0.937447873227690
0.0617180984153461	0.938281901584654
0.0608840700583820	0.939115929941618
0.0600500417014178	0.939949958298582
0.0592160133444537	0.940783986655546
0.0583819849874896	0.941618015012510
0.0575479566305254	0.942452043369475
0.0567139282735613	0.943286071726439
0.0558798999165972	0.944120100083403
0.0550458715596330	0.944954128440367
0.0542118432026689	0.945788156797331
0.0533778148457048	0.946622185154295
0.0525437864887406	0.947456213511259
0.0517097581317765	0.948290241868224
0.0508757297748123	0.949124270225188
0.0500417014178482	0.949958298582152
0.0492076730608841	0.950792326939116
0.0483736447039199	0.951626355296080
0.0475396163469558	0.952460383653044
0.0467055879899917	0.953294412010008
0.0458715596330275	0.954128440366973
0.0450375312760634	0.954962468723937
0.0442035029190993	0.955796497080901
0.0433694745621351	0.956630525437865
0.0425354462051710	0.957464553794829
0.0417014178482068	0.958298582151793
0.0408673894912427	0.959132610508757
0.0400333611342786	0.959966638865721
0.0391993327773144	0.960800667222686
0.0383653044203503	0.961634695579650
0.0375312760633862	0.962468723936614
0.0366972477064220	0.963302752293578
0.0358632193494579	0.964136780650542
0.0350291909924937	0.964970809007506
0.0341951626355296	0.965804837364470
0.0333611342785655	0.966638865721435
0.0325271059216013	0.967472894078399
0.0316930775646372	0.968306922435363
0.0308590492076731	0.969140950792327
0.0300250208507089	0.969974979149291
0.0291909924937448	0.970809007506255
0.0283569641367807	0.971643035863219
0.0275229357798165	0.972477064220184
0.0266889074228524	0.973311092577148
0.0258548790658882	0.974145120934112
0.0250208507089241	0.974979149291076
0.0241868223519600	0.975813177648040
0.0233527939949958	0.976647206005004
0.0225187656380317	0.977481234361968
0.0216847372810676	0.978315262718932
0.0208507089241034	0.979149291075897
0.0200166805671393	0.979983319432861
0.0191826522101751	0.980817347789825
0.0183486238532110	0.981651376146789
0.0175145954962469	0.982485404503753
0.0166805671392827	0.983319432860717
0.0158465387823186	0.984153461217681
0.0150125104253545	0.984987489574646
0.0141784820683903	0.985821517931610
0.0133444537114262	0.986655546288574
0.0125104253544621	0.987489574645538
0.0116763969974979	0.988323603002502
0.0108423686405338	0.989157631359466
0.0100083402835696	0.989991659716430
0.00917431192660551	0.990825688073395
0.00834028356964137	0.991659716430359
0.00750625521267723	0.992493744787323
0.00667222685571309	0.993327773144287
0.00583819849874896	0.994161801501251
0.00500417014178482	0.994995829858215
0.00417014178482068	0.995829858215179
0.00333611342785655	0.996663886572143
0.00250208507089241	0.997497914929108
0.00166805671392827	0.998331943286072
0.000834028356964137	0.999165971643036
1.00000000000000e-05	1
