1	1.00000000000000e-05	1.00000000000000e-05	1.00000000000000e-05	1.00000000000000e-05
0.888888888888889	0.111111111111111	1.00000000000000e-05	1.00000000000000e-05	1.00000000000000e-05
0.777777777777778	0.222222222222222	1.00000000000000e-05	1.00000000000000e-05	1.00000000000000e-05
0.666666666666667	0.333333333333333	1.00000000000000e-05	1.00000000000000e-05	1.00000000000000e-05
0.555555555555556	0.444444444444444	1.00000000000000e-05	1.00000000000000e-05	1.00000000000000e-05
0.444444444444444	0.555555555555556	1.00000000000000e-05	1.00000000000000e-05	1.00000000000000e-05
0.333333333333333	0.666666666666667	1.00000000000000e-05	1.00000000000000e-05	1.00000000000000e-05
0.222222222222222	0.777777777777778	1.00000000000000e-05	1.00000000000000e-05	1.00000000000000e-05
0.111111111111111	0.888888888888889	1.00000000000000e-05	1.00000000000000e-05	1.00000000000000e-05
1.00000000000000e-05	1	1.00000000000000e-05	1.00000000000000e-05	1.00000000000000e-05
0.888888888888889	1.00000000000000e-05	0.111111111111111	1.00000000000000e-05	1.00000000000000e-05
0.777777777777778	0.111111111111111	0.111111111111111	1.00000000000000e-05	1.00000000000000e-05
0.666666666666667	0.222222222222222	0.111111111111111	1.00000000000000e-05	1.00000000000000e-05
0.555555555555556	0.333333333333333	0.111111111111111	1.00000000000000e-05	1.00000000000000e-05
0.444444444444444	0.444444444444444	0.111111111111111	1.00000000000000e-05	1.00000000000000e-05
0.333333333333333	0.555555555555556	0.111111111111111	1.00000000000000e-05	1.00000000000000e-05
0.222222222222222	0.666666666666667	0.111111111111111	1.00000000000000e-05	1.00000000000000e-05
0.111111111111111	0.777777777777778	0.111111111111111	1.00000000000000e-05	1.00000000000000e-05
1.00000000000000e-05	0.888888888888889	0.111111111111111	1.00000000000000e-05	1.00000000000000e-05
0.777777777777778	1.00000000000000e-05	0.222222222222222	1.00000000000000e-05	1.00000000000000e-05
0.666666666666667	0.111111111111111	0.222222222222222	1.00000000000000e-05	1.00000000000000e-05
0.555555555555556	0.222222222222222	0.222222222222222	1.00000000000000e-05	1.00000000000000e-05
0.444444444444444	0.333333333333333	0.222222222222222	1.00000000000000e-05	1.00000000000000e-05
0.333333333333333	0.444444444444444	0.222222222222222	1.00000000000000e-05	1.00000000000000e-05
0.222222222222222	0.555555555555556	0.222222222222222	1.00000000000000e-05	1.00000000000000e-05
0.111111111111111	0.666666666666667	0.222222222222222	1.00000000000000e-05	1.00000000000000e-05
1.00000000000000e-05	0.777777777777778	0.222222222222222	1.00000000000000e-05	1.00000000000000e-05
0.666666666666667	1.00000000000000e-05	0.333333333333333	1.00000000000000e-05	1.00000000000000e-05
0.555555555555556	0.111111111111111	0.333333333333333	1.00000000000000e-05	1.00000000000000e-05
0.444444444444444	0.222222222222222	0.333333333333333	1.00000000000000e-05	1.00000000000000e-05
0.333333333333333	0.333333333333333	0.333333333333333	1.00000000000000e-05	1.00000000000000e-05
0.222222222222222	0.444444444444444	0.333333333333333	1.00000000000000e-05	1.00000000000000e-05
0.111111111111111	0.555555555555556	0.333333333333333	1.00000000000000e-05	1.00000000000000e-05
1.00000000000000e-05	0.666666666666667	0.333333333333333	1.00000000000000e-05	1.00000000000000e-05
0.555555555555556	1.00000000000000e-05	0.444444444444444	1.00000000000000e-05	1.00000000000000e-05
0.444444444444444	0.111111111111111	0.444444444444444	1.00000000000000e-05	1.00000000000000e-05
0.333333333333333	0.222222222222222	0.444444444444444	1.00000000000000e-05	1.00000000000000e-05
0.222222222222222	0.333333333333333	0.444444444444444	1.00000000000000e-05	1.00000000000000e-05
0.111111111111111	0.444444444444444	0.444444444444444	1.00000000000000e-05	1.00000000000000e-05
1.00000000000000e-05	0.555555555555556	0.444444444444444	1.00000000000000e-05	1.00000000000000e-05
0.444444444444444	1.00000000000000e-05	0.555555555555556	1.00000000000000e-05	1.00000000000000e-05
0.333333333333333	0.111111111111111	0.555555555555556	1.00000000000000e-05	1.00000000000000e-05
0.222222222222222	0.222222222222222	0.555555555555556	1.00000000000000e-05	1.00000000000000e-05
0.111111111111111	0.333333333333333	0.555555555555556	1.00000000000000e-05	1.00000000000000e-05
1.00000000000000e-05	0.444444444444444	0.555555555555556	1.00000000000000e-05	1.00000000000000e-05
0.333333333333333	1.00000000000000e-05	0.666666666666667	1.00000000000000e-05	1.00000000000000e-05
0.222222222222222	0.111111111111111	0.666666666666667	1.00000000000000e-05	1.00000000000000e-05
0.111111111111111	0.222222222222222	0.666666666666667	1.00000000000000e-05	1.00000000000000e-05
1.00000000000000e-05	0.333333333333333	0.666666666666667	1.00000000000000e-05	1.00000000000000e-05
0.222222222222222	1.00000000000000e-05	0.777777777777778	1.00000000000000e-05	1.00000000000000e-05
0.111111111111111	0.111111111111111	0.777777777777778	1.00000000000000e-05	1.00000000000000e-05
1.00000000000000e-05	0.222222222222222	0.777777777777778	1.00000000000000e-05	1.00000000000000e-05
0.111111111111111	1.00000000000000e-05	0.888888888888889	1.00000000000000e-05	1.00000000000000e-05
1.00000000000000e-05	0.111111111111111	0.888888888888889	1.00000000000000e-05	1.00000000000000e-05
1.00000000000000e-05	1.00000000000000e-05	1	1.00000000000000e-05	1.00000000000000e-05
0.888888888888889	1.00000000000000e-05	1.00000000000000e-05	0.111111111111111	1.00000000000000e-05
0.777777777777778	0.111111111111111	1.00000000000000e-05	0.111111111111111	1.00000000000000e-05
0.666666666666667	0.222222222222222	1.00000000000000e-05	0.111111111111111	1.00000000000000e-05
0.555555555555556	0.333333333333333	1.00000000000000e-05	0.111111111111111	1.00000000000000e-05
0.444444444444444	0.444444444444444	1.00000000000000e-05	0.111111111111111	1.00000000000000e-05
0.333333333333333	0.555555555555556	1.00000000000000e-05	0.111111111111111	1.00000000000000e-05
0.222222222222222	0.666666666666667	1.00000000000000e-05	0.111111111111111	1.00000000000000e-05
0.111111111111111	0.777777777777778	1.00000000000000e-05	0.111111111111111	1.00000000000000e-05
1.00000000000000e-05	0.888888888888889	1.00000000000000e-05	0.111111111111111	1.00000000000000e-05
0.777777777777778	1.00000000000000e-05	0.111111111111111	0.111111111111111	1.00000000000000e-05
0.666666666666667	0.111111111111111	0.111111111111111	0.111111111111111	1.00000000000000e-05
0.555555555555556	0.222222222222222	0.111111111111111	0.111111111111111	1.00000000000000e-05
0.444444444444444	0.333333333333333	0.111111111111111	0.111111111111111	1.00000000000000e-05
0.333333333333333	0.444444444444444	0.111111111111111	0.111111111111111	1.00000000000000e-05
0.222222222222222	0.555555555555556	0.111111111111111	0.111111111111111	1.00000000000000e-05
0.111111111111111	0.666666666666667	0.111111111111111	0.111111111111111	1.00000000000000e-05
1.00000000000000e-05	0.777777777777778	0.111111111111111	0.111111111111111	1.00000000000000e-05
0.666666666666667	1.00000000000000e-05	0.222222222222222	0.111111111111111	1.00000000000000e-05
0.555555555555556	0.111111111111111	0.222222222222222	0.111111111111111	1.00000000000000e-05
0.444444444444444	0.222222222222222	0.222222222222222	0.111111111111111	1.00000000000000e-05
0.333333333333333	0.333333333333333	0.222222222222222	0.111111111111111	1.00000000000000e-05
0.222222222222222	0.444444444444444	0.222222222222222	0.111111111111111	1.00000000000000e-05
0.111111111111111	0.555555555555556	0.222222222222222	0.111111111111111	1.00000000000000e-05
1.00000000000000e-05	0.666666666666667	0.222222222222222	0.111111111111111	1.00000000000000e-05
0.555555555555556	1.00000000000000e-05	0.333333333333333	0.111111111111111	1.00000000000000e-05
0.444444444444444	0.111111111111111	0.333333333333333	0.111111111111111	1.00000000000000e-05
0.333333333333333	0.222222222222222	0.333333333333333	0.111111111111111	1.00000000000000e-05
0.222222222222222	0.333333333333333	0.333333333333333	0.111111111111111	1.00000000000000e-05
0.111111111111111	0.444444444444444	0.333333333333333	0.111111111111111	1.00000000000000e-05
1.00000000000000e-05	0.555555555555556	0.333333333333333	0.111111111111111	1.00000000000000e-05
0.444444444444444	1.00000000000000e-05	0.444444444444444	0.111111111111111	1.00000000000000e-05
0.333333333333333	0.111111111111111	0.444444444444444	0.111111111111111	1.00000000000000e-05
0.222222222222222	0.222222222222222	0.444444444444444	0.111111111111111	1.00000000000000e-05
0.111111111111111	0.333333333333333	0.444444444444444	0.111111111111111	1.00000000000000e-05
1.00000000000000e-05	0.444444444444444	0.444444444444444	0.111111111111111	1.00000000000000e-05
0.333333333333333	1.00000000000000e-05	0.555555555555556	0.111111111111111	1.00000000000000e-05
0.222222222222222	0.111111111111111	0.555555555555556	0.111111111111111	1.00000000000000e-05
0.111111111111111	0.222222222222222	0.555555555555556	0.111111111111111	1.00000000000000e-05
1.00000000000000e-05	0.333333333333333	0.555555555555556	0.111111111111111	1.00000000000000e-05
0.222222222222222	1.00000000000000e-05	0.666666666666667	0.111111111111111	1.00000000000000e-05
0.111111111111111	0.111111111111111	0.666666666666667	0.111111111111111	1.00000000000000e-05
1.00000000000000e-05	0.222222222222222	0.666666666666667	0.111111111111111	1.00000000000000e-05
0.111111111111111	1.00000000000000e-05	0.777777777777778	0.111111111111111	1.00000000000000e-05
1.00000000000000e-05	0.111111111111111	0.777777777777778	0.111111111111111	1.00000000000000e-05
1.00000000000000e-05	1.00000000000000e-05	0.888888888888889	0.111111111111111	1.00000000000000e-05
0.777777777777778	1.00000000000000e-05	1.00000000000000e-05	0.222222222222222	1.00000000000000e-05
0.666666666666667	0.111111111111111	1.00000000000000e-05	0.222222222222222	1.00000000000000e-05
0.555555555555556	0.222222222222222	1.00000000000000e-05	0.222222222222222	1.00000000000000e-05
0.444444444444444	0.333333333333333	1.00000000000000e-05	0.222222222222222	1.00000000000000e-05
0.333333333333333	0.444444444444444	1.00000000000000e-05	0.222222222222222	1.00000000000000e-05
0.222222222222222	0.555555555555556	1.00000000000000e-05	0.222222222222222	1.00000000000000e-05
0.111111111111111	0.666666666666667	1.00000000000000e-05	0.222222222222222	1.00000000000000e-05
1.00000000000000e-05	0.777777777777778	1.00000000000000e-05	0.222222222222222	1.00000000000000e-05
0.666666666666667	1.00000000000000e-05	0.111111111111111	0.222222222222222	1.00000000000000e-05
0.555555555555556	0.111111111111111	0.111111111111111	0.222222222222222	1.00000000000000e-05
0.444444444444444	0.222222222222222	0.111111111111111	0.222222222222222	1.00000000000000e-05
0.333333333333333	0.333333333333333	0.111111111111111	0.222222222222222	1.00000000000000e-05
0.222222222222222	0.444444444444444	0.111111111111111	0.222222222222222	1.00000000000000e-05
0.111111111111111	0.555555555555556	0.111111111111111	0.222222222222222	1.00000000000000e-05
1.00000000000000e-05	0.666666666666667	0.111111111111111	0.222222222222222	1.00000000000000e-05
0.555555555555556	1.00000000000000e-05	0.222222222222222	0.222222222222222	1.00000000000000e-05
0.444444444444444	0.111111111111111	0.222222222222222	0.222222222222222	1.00000000000000e-05
0.333333333333333	0.222222222222222	0.222222222222222	0.222222222222222	1.00000000000000e-05
0.222222222222222	0.333333333333333	0.222222222222222	0.222222222222222	1.00000000000000e-05
0.111111111111111	0.444444444444444	0.222222222222222	0.222222222222222	1.00000000000000e-05
1.00000000000000e-05	0.555555555555556	0.222222222222222	0.222222222222222	1.00000000000000e-05
0.444444444444444	1.00000000000000e-05	0.333333333333333	0.222222222222222	1.00000000000000e-05
0.333333333333333	0.111111111111111	0.333333333333333	0.222222222222222	1.00000000000000e-05
0.222222222222222	0.222222222222222	0.333333333333333	0.222222222222222	1.00000000000000e-05
0.111111111111111	0.333333333333333	0.333333333333333	0.222222222222222	1.00000000000000e-05
1.00000000000000e-05	0.444444444444444	0.333333333333333	0.222222222222222	1.00000000000000e-05
0.333333333333333	1.00000000000000e-05	0.444444444444444	0.222222222222222	1.00000000000000e-05
0.222222222222222	0.111111111111111	0.444444444444444	0.222222222222222	1.00000000000000e-05
0.111111111111111	0.222222222222222	0.444444444444444	0.222222222222222	1.00000000000000e-05
1.00000000000000e-05	0.333333333333333	0.444444444444444	0.222222222222222	1.00000000000000e-05
0.222222222222222	1.00000000000000e-05	0.555555555555556	0.222222222222222	1.00000000000000e-05
0.111111111111111	0.111111111111111	0.555555555555556	0.222222222222222	1.00000000000000e-05
1.00000000000000e-05	0.222222222222222	0.555555555555556	0.222222222222222	1.00000000000000e-05
0.111111111111111	1.00000000000000e-05	0.666666666666667	0.222222222222222	1.00000000000000e-05
1.00000000000000e-05	0.111111111111111	0.666666666666667	0.222222222222222	1.00000000000000e-05
1.00000000000000e-05	1.00000000000000e-05	0.777777777777778	0.222222222222222	1.00000000000000e-05
0.666666666666667	1.00000000000000e-05	1.00000000000000e-05	0.333333333333333	1.00000000000000e-05
0.555555555555556	0.111111111111111	1.00000000000000e-05	0.333333333333333	1.00000000000000e-05
0.444444444444444	0.222222222222222	1.00000000000000e-05	0.333333333333333	1.00000000000000e-05
0.333333333333333	0.333333333333333	1.00000000000000e-05	0.333333333333333	1.00000000000000e-05
0.222222222222222	0.444444444444444	1.00000000000000e-05	0.333333333333333	1.00000000000000e-05
0.111111111111111	0.555555555555556	1.00000000000000e-05	0.333333333333333	1.00000000000000e-05
1.00000000000000e-05	0.666666666666667	1.00000000000000e-05	0.333333333333333	1.00000000000000e-05
0.555555555555556	1.00000000000000e-05	0.111111111111111	0.333333333333333	1.00000000000000e-05
0.444444444444444	0.111111111111111	0.111111111111111	0.333333333333333	1.00000000000000e-05
0.333333333333333	0.222222222222222	0.111111111111111	0.333333333333333	1.00000000000000e-05
0.222222222222222	0.333333333333333	0.111111111111111	0.333333333333333	1.00000000000000e-05
0.111111111111111	0.444444444444444	0.111111111111111	0.333333333333333	1.00000000000000e-05
1.00000000000000e-05	0.555555555555556	0.111111111111111	0.333333333333333	1.00000000000000e-05
0.444444444444444	1.00000000000000e-05	0.222222222222222	0.333333333333333	1.00000000000000e-05
0.333333333333333	0.111111111111111	0.222222222222222	0.333333333333333	1.00000000000000e-05
0.222222222222222	0.222222222222222	0.222222222222222	0.333333333333333	1.00000000000000e-05
0.111111111111111	0.333333333333333	0.222222222222222	0.333333333333333	1.00000000000000e-05
1.00000000000000e-05	0.444444444444444	0.222222222222222	0.333333333333333	1.00000000000000e-05
0.333333333333333	1.00000000000000e-05	0.333333333333333	0.333333333333333	1.00000000000000e-05
0.222222222222222	0.111111111111111	0.333333333333333	0.333333333333333	1.00000000000000e-05
0.111111111111111	0.222222222222222	0.333333333333333	0.333333333333333	1.00000000000000e-05
1.00000000000000e-05	0.333333333333333	0.333333333333333	0.333333333333333	1.00000000000000e-05
0.222222222222222	1.00000000000000e-05	0.444444444444444	0.333333333333333	1.00000000000000e-05
0.111111111111111	0.111111111111111	0.444444444444444	0.333333333333333	1.00000000000000e-05
1.00000000000000e-05	0.222222222222222	0.444444444444444	0.333333333333333	1.00000000000000e-05
0.111111111111111	1.00000000000000e-05	0.555555555555556	0.333333333333333	1.00000000000000e-05
1.00000000000000e-05	0.111111111111111	0.555555555555556	0.333333333333333	1.00000000000000e-05
1.00000000000000e-05	1.00000000000000e-05	0.666666666666667	0.333333333333333	1.00000000000000e-05
0.555555555555556	1.00000000000000e-05	1.00000000000000e-05	0.444444444444444	1.00000000000000e-05
0.444444444444444	0.111111111111111	1.00000000000000e-05	0.444444444444444	1.00000000000000e-05
0.333333333333333	0.222222222222222	1.00000000000000e-05	0.444444444444444	1.00000000000000e-05
0.222222222222222	0.333333333333333	1.00000000000000e-05	0.444444444444444	1.00000000000000e-05
0.111111111111111	0.444444444444444	1.00000000000000e-05	0.444444444444444	1.00000000000000e-05
1.00000000000000e-05	0.555555555555556	1.00000000000000e-05	0.444444444444444	1.00000000000000e-05
0.444444444444444	1.00000000000000e-05	0.111111111111111	0.444444444444444	1.00000000000000e-05
0.333333333333333	0.111111111111111	0.111111111111111	0.444444444444444	1.00000000000000e-05
0.222222222222222	0.222222222222222	0.111111111111111	0.444444444444444	1.00000000000000e-05
0.111111111111111	0.333333333333333	0.111111111111111	0.444444444444444	1.00000000000000e-05
1.00000000000000e-05	0.444444444444444	0.111111111111111	0.444444444444444	1.00000000000000e-05
0.333333333333333	1.00000000000000e-05	0.222222222222222	0.444444444444444	1.00000000000000e-05
0.222222222222222	0.111111111111111	0.222222222222222	0.444444444444444	1.00000000000000e-05
0.111111111111111	0.222222222222222	0.222222222222222	0.444444444444444	1.00000000000000e-05
1.00000000000000e-05	0.333333333333333	0.222222222222222	0.444444444444444	1.00000000000000e-05
0.222222222222222	1.00000000000000e-05	0.333333333333333	0.444444444444444	1.00000000000000e-05
0.111111111111111	0.111111111111111	0.333333333333333	0.444444444444444	1.00000000000000e-05
1.00000000000000e-05	0.222222222222222	0.333333333333333	0.444444444444444	1.00000000000000e-05
0.111111111111111	1.00000000000000e-05	0.444444444444444	0.444444444444444	1.00000000000000e-05
1.00000000000000e-05	0.111111111111111	0.444444444444444	0.444444444444444	1.00000000000000e-05
1.00000000000000e-05	1.00000000000000e-05	0.555555555555556	0.444444444444444	1.00000000000000e-05
0.444444444444444	1.00000000000000e-05	1.00000000000000e-05	0.555555555555556	1.00000000000000e-05
0.333333333333333	0.111111111111111	1.00000000000000e-05	0.555555555555556	1.00000000000000e-05
0.222222222222222	0.222222222222222	1.00000000000000e-05	0.555555555555556	1.00000000000000e-05
0.111111111111111	0.333333333333333	1.00000000000000e-05	0.555555555555556	1.00000000000000e-05
1.00000000000000e-05	0.444444444444444	1.00000000000000e-05	0.555555555555556	1.00000000000000e-05
0.333333333333333	1.00000000000000e-05	0.111111111111111	0.555555555555556	1.00000000000000e-05
0.222222222222222	0.111111111111111	0.111111111111111	0.555555555555556	1.00000000000000e-05
0.111111111111111	0.222222222222222	0.111111111111111	0.555555555555556	1.00000000000000e-05
1.00000000000000e-05	0.333333333333333	0.111111111111111	0.555555555555556	1.00000000000000e-05
0.222222222222222	1.00000000000000e-05	0.222222222222222	0.555555555555556	1.00000000000000e-05
0.111111111111111	0.111111111111111	0.222222222222222	0.555555555555556	1.00000000000000e-05
1.00000000000000e-05	0.222222222222222	0.222222222222222	0.555555555555556	1.00000000000000e-05
0.111111111111111	1.00000000000000e-05	0.333333333333333	0.555555555555556	1.00000000000000e-05
1.00000000000000e-05	0.111111111111111	0.333333333333333	0.555555555555556	1.00000000000000e-05
1.00000000000000e-05	1.00000000000000e-05	0.444444444444444	0.555555555555556	1.00000000000000e-05
0.333333333333333	1.00000000000000e-05	1.00000000000000e-05	0.666666666666667	1.00000000000000e-05
0.222222222222222	0.111111111111111	1.00000000000000e-05	0.666666666666667	1.00000000000000e-05
0.111111111111111	0.222222222222222	1.00000000000000e-05	0.666666666666667	1.00000000000000e-05
1.00000000000000e-05	0.333333333333333	1.00000000000000e-05	0.666666666666667	1.00000000000000e-05
0.222222222222222	1.00000000000000e-05	0.111111111111111	0.666666666666667	1.00000000000000e-05
0.111111111111111	0.111111111111111	0.111111111111111	0.666666666666667	1.00000000000000e-05
1.00000000000000e-05	0.222222222222222	0.111111111111111	0.666666666666667	1.00000000000000e-05
0.111111111111111	1.00000000000000e-05	0.222222222222222	0.666666666666667	1.00000000000000e-05
1.00000000000000e-05	0.111111111111111	0.222222222222222	0.666666666666667	1.00000000000000e-05
1.00000000000000e-05	1.00000000000000e-05	0.333333333333333	0.666666666666667	1.00000000000000e-05
0.222222222222222	1.00000000000000e-05	1.00000000000000e-05	0.777777777777778	1.00000000000000e-05
0.111111111111111	0.111111111111111	1.00000000000000e-05	0.777777777777778	1.00000000000000e-05
1.00000000000000e-05	0.222222222222222	1.00000000000000e-05	0.777777777777778	1.00000000000000e-05
0.111111111111111	1.00000000000000e-05	0.111111111111111	0.777777777777778	1.00000000000000e-05
1.00000000000000e-05	0.111111111111111	0.111111111111111	0.777777777777778	1.00000000000000e-05
1.00000000000000e-05	1.00000000000000e-05	0.222222222222222	0.777777777777778	1.00000000000000e-05
0.111111111111111	1.00000000000000e-05	1.00000000000000e-05	0.888888888888889	1.00000000000000e-05
1.00000000000000e-05	0.111111111111111	1.00000000000000e-05	0.888888888888889	1.00000000000000e-05
1.00000000000000e-05	1.00000000000000e-05	0.111111111111111	0.888888888888889	1.00000000000000e-05
1.00000000000000e-05	1.00000000000000e-05	1.00000000000000e-05	1	1.00000000000000e-05
0.888888888888889	1.00000000000000e-05	1.00000000000000e-05	1.00000000000000e-05	0.111111111111111
0.777777777777778	0.111111111111111	1.00000000000000e-05	1.00000000000000e-05	0.111111111111111
0.666666666666667	0.222222222222222	1.00000000000000e-05	1.00000000000000e-05	0.111111111111111
0.555555555555556	0.333333333333333	1.00000000000000e-05	1.00000000000000e-05	0.111111111111111
0.444444444444444	0.444444444444444	1.00000000000000e-05	1.00000000000000e-05	0.111111111111111
0.333333333333333	0.555555555555556	1.00000000000000e-05	1.00000000000000e-05	0.111111111111111
0.222222222222222	0.666666666666667	1.00000000000000e-05	1.00000000000000e-05	0.111111111111111
0.111111111111111	0.777777777777778	1.00000000000000e-05	1.00000000000000e-05	0.111111111111111
1.00000000000000e-05	0.888888888888889	1.00000000000000e-05	1.00000000000000e-05	0.111111111111111
0.777777777777778	1.00000000000000e-05	0.111111111111111	1.00000000000000e-05	0.111111111111111
0.666666666666667	0.111111111111111	0.111111111111111	1.00000000000000e-05	0.111111111111111
0.555555555555556	0.222222222222222	0.111111111111111	1.00000000000000e-05	0.111111111111111
0.444444444444444	0.333333333333333	0.111111111111111	1.00000000000000e-05	0.111111111111111
0.333333333333333	0.444444444444444	0.111111111111111	1.00000000000000e-05	0.111111111111111
0.222222222222222	0.555555555555556	0.111111111111111	1.00000000000000e-05	0.111111111111111
0.111111111111111	0.666666666666667	0.111111111111111	1.00000000000000e-05	0.111111111111111
1.00000000000000e-05	0.777777777777778	0.111111111111111	1.00000000000000e-05	0.111111111111111
0.666666666666667	1.00000000000000e-05	0.222222222222222	1.00000000000000e-05	0.111111111111111
0.555555555555556	0.111111111111111	0.222222222222222	1.00000000000000e-05	0.111111111111111
0.444444444444444	0.222222222222222	0.222222222222222	1.00000000000000e-05	0.111111111111111
0.333333333333333	0.333333333333333	0.222222222222222	1.00000000000000e-05	0.111111111111111
0.222222222222222	0.444444444444444	0.222222222222222	1.00000000000000e-05	0.111111111111111
0.111111111111111	0.555555555555556	0.222222222222222	1.00000000000000e-05	0.111111111111111
1.00000000000000e-05	0.666666666666667	0.222222222222222	1.00000000000000e-05	0.111111111111111
0.555555555555556	1.00000000000000e-05	0.333333333333333	1.00000000000000e-05	0.111111111111111
0.444444444444444	0.111111111111111	0.333333333333333	1.00000000000000e-05	0.111111111111111
0.333333333333333	0.222222222222222	0.333333333333333	1.00000000000000e-05	0.111111111111111
0.222222222222222	0.333333333333333	0.333333333333333	1.00000000000000e-05	0.111111111111111
0.111111111111111	0.444444444444444	0.333333333333333	1.00000000000000e-05	0.111111111111111
1.00000000000000e-05	0.555555555555556	0.333333333333333	1.00000000000000e-05	0.111111111111111
0.444444444444444	1.00000000000000e-05	0.444444444444444	1.00000000000000e-05	0.111111111111111
0.333333333333333	0.111111111111111	0.444444444444444	1.00000000000000e-05	0.111111111111111
0.222222222222222	0.222222222222222	0.444444444444444	1.00000000000000e-05	0.111111111111111
0.111111111111111	0.333333333333333	0.444444444444444	1.00000000000000e-05	0.111111111111111
1.00000000000000e-05	0.444444444444444	0.444444444444444	1.00000000000000e-05	0.111111111111111
0.333333333333333	1.00000000000000e-05	0.555555555555556	1.00000000000000e-05	0.111111111111111
0.222222222222222	0.111111111111111	0.555555555555556	1.00000000000000e-05	0.111111111111111
0.111111111111111	0.222222222222222	0.555555555555556	1.00000000000000e-05	0.111111111111111
1.00000000000000e-05	0.333333333333333	0.555555555555556	1.00000000000000e-05	0.111111111111111
0.222222222222222	1.00000000000000e-05	0.666666666666667	1.00000000000000e-05	0.111111111111111
0.111111111111111	0.111111111111111	0.666666666666667	1.00000000000000e-05	0.111111111111111
1.00000000000000e-05	0.222222222222222	0.666666666666667	1.00000000000000e-05	0.111111111111111
0.111111111111111	1.00000000000000e-05	0.777777777777778	1.00000000000000e-05	0.111111111111111
1.00000000000000e-05	0.111111111111111	0.777777777777778	1.00000000000000e-05	0.111111111111111
1.00000000000000e-05	1.00000000000000e-05	0.888888888888889	1.00000000000000e-05	0.111111111111111
0.777777777777778	1.00000000000000e-05	1.00000000000000e-05	0.111111111111111	0.111111111111111
0.666666666666667	0.111111111111111	1.00000000000000e-05	0.111111111111111	0.111111111111111
0.555555555555556	0.222222222222222	1.00000000000000e-05	0.111111111111111	0.111111111111111
0.444444444444444	0.333333333333333	1.00000000000000e-05	0.111111111111111	0.111111111111111
0.333333333333333	0.444444444444444	1.00000000000000e-05	0.111111111111111	0.111111111111111
0.222222222222222	0.555555555555556	1.00000000000000e-05	0.111111111111111	0.111111111111111
0.111111111111111	0.666666666666667	1.00000000000000e-05	0.111111111111111	0.111111111111111
1.00000000000000e-05	0.777777777777778	1.00000000000000e-05	0.111111111111111	0.111111111111111
0.666666666666667	1.00000000000000e-05	0.111111111111111	0.111111111111111	0.111111111111111
0.555555555555556	0.111111111111111	0.111111111111111	0.111111111111111	0.111111111111111
0.444444444444444	0.222222222222222	0.111111111111111	0.111111111111111	0.111111111111111
0.333333333333333	0.333333333333333	0.111111111111111	0.111111111111111	0.111111111111111
0.222222222222222	0.444444444444444	0.111111111111111	0.111111111111111	0.111111111111111
0.111111111111111	0.555555555555556	0.111111111111111	0.111111111111111	0.111111111111111
1.00000000000000e-05	0.666666666666667	0.111111111111111	0.111111111111111	0.111111111111111
0.555555555555556	1.00000000000000e-05	0.222222222222222	0.111111111111111	0.111111111111111
0.444444444444444	0.111111111111111	0.222222222222222	0.111111111111111	0.111111111111111
0.333333333333333	0.222222222222222	0.222222222222222	0.111111111111111	0.111111111111111
0.222222222222222	0.333333333333333	0.222222222222222	0.111111111111111	0.111111111111111
0.111111111111111	0.444444444444444	0.222222222222222	0.111111111111111	0.111111111111111
1.00000000000000e-05	0.555555555555556	0.222222222222222	0.111111111111111	0.111111111111111
0.444444444444444	1.00000000000000e-05	0.333333333333333	0.111111111111111	0.111111111111111
0.333333333333333	0.111111111111111	0.333333333333333	0.111111111111111	0.111111111111111
0.222222222222222	0.222222222222222	0.333333333333333	0.111111111111111	0.111111111111111
0.111111111111111	0.333333333333333	0.333333333333333	0.111111111111111	0.111111111111111
1.00000000000000e-05	0.444444444444444	0.333333333333333	0.111111111111111	0.111111111111111
0.333333333333333	1.00000000000000e-05	0.444444444444444	0.111111111111111	0.111111111111111
0.222222222222222	0.111111111111111	0.444444444444444	0.111111111111111	0.111111111111111
0.111111111111111	0.222222222222222	0.444444444444444	0.111111111111111	0.111111111111111
1.00000000000000e-05	0.333333333333333	0.444444444444444	0.111111111111111	0.111111111111111
0.222222222222222	1.00000000000000e-05	0.555555555555556	0.111111111111111	0.111111111111111
0.111111111111111	0.111111111111111	0.555555555555556	0.111111111111111	0.111111111111111
1.00000000000000e-05	0.222222222222222	0.555555555555556	0.111111111111111	0.111111111111111
0.111111111111111	1.00000000000000e-05	0.666666666666667	0.111111111111111	0.111111111111111
1.00000000000000e-05	0.111111111111111	0.666666666666667	0.111111111111111	0.111111111111111
1.00000000000000e-05	1.00000000000000e-05	0.777777777777778	0.111111111111111	0.111111111111111
0.666666666666667	1.00000000000000e-05	1.00000000000000e-05	0.222222222222222	0.111111111111111
0.555555555555556	0.111111111111111	1.00000000000000e-05	0.222222222222222	0.111111111111111
0.444444444444444	0.222222222222222	1.00000000000000e-05	0.222222222222222	0.111111111111111
0.333333333333333	0.333333333333333	1.00000000000000e-05	0.222222222222222	0.111111111111111
0.222222222222222	0.444444444444444	1.00000000000000e-05	0.222222222222222	0.111111111111111
0.111111111111111	0.555555555555556	1.00000000000000e-05	0.222222222222222	0.111111111111111
1.00000000000000e-05	0.666666666666667	1.00000000000000e-05	0.222222222222222	0.111111111111111
0.555555555555556	1.00000000000000e-05	0.111111111111111	0.222222222222222	0.111111111111111
0.444444444444444	0.111111111111111	0.111111111111111	0.222222222222222	0.111111111111111
0.333333333333333	0.222222222222222	0.111111111111111	0.222222222222222	0.111111111111111
0.222222222222222	0.333333333333333	0.111111111111111	0.222222222222222	0.111111111111111
0.111111111111111	0.444444444444444	0.111111111111111	0.222222222222222	0.111111111111111
1.00000000000000e-05	0.555555555555556	0.111111111111111	0.222222222222222	0.111111111111111
0.444444444444444	1.00000000000000e-05	0.222222222222222	0.222222222222222	0.111111111111111
0.333333333333333	0.111111111111111	0.222222222222222	0.222222222222222	0.111111111111111
0.222222222222222	0.222222222222222	0.222222222222222	0.222222222222222	0.111111111111111
0.111111111111111	0.333333333333333	0.222222222222222	0.222222222222222	0.111111111111111
1.00000000000000e-05	0.444444444444444	0.222222222222222	0.222222222222222	0.111111111111111
0.333333333333333	1.00000000000000e-05	0.333333333333333	0.222222222222222	0.111111111111111
0.222222222222222	0.111111111111111	0.333333333333333	0.222222222222222	0.111111111111111
0.111111111111111	0.222222222222222	0.333333333333333	0.222222222222222	0.111111111111111
1.00000000000000e-05	0.333333333333333	0.333333333333333	0.222222222222222	0.111111111111111
0.222222222222222	1.00000000000000e-05	0.444444444444444	0.222222222222222	0.111111111111111
0.111111111111111	0.111111111111111	0.444444444444444	0.222222222222222	0.111111111111111
1.00000000000000e-05	0.222222222222222	0.444444444444444	0.222222222222222	0.111111111111111
0.111111111111111	1.00000000000000e-05	0.555555555555556	0.222222222222222	0.111111111111111
1.00000000000000e-05	0.111111111111111	0.555555555555556	0.222222222222222	0.111111111111111
1.00000000000000e-05	1.00000000000000e-05	0.666666666666667	0.222222222222222	0.111111111111111
0.555555555555556	1.00000000000000e-05	1.00000000000000e-05	0.333333333333333	0.111111111111111
0.444444444444444	0.111111111111111	1.00000000000000e-05	0.333333333333333	0.111111111111111
0.333333333333333	0.222222222222222	1.00000000000000e-05	0.333333333333333	0.111111111111111
0.222222222222222	0.333333333333333	1.00000000000000e-05	0.333333333333333	0.111111111111111
0.111111111111111	0.444444444444444	1.00000000000000e-05	0.333333333333333	0.111111111111111
1.00000000000000e-05	0.555555555555556	1.00000000000000e-05	0.333333333333333	0.111111111111111
0.444444444444444	1.00000000000000e-05	0.111111111111111	0.333333333333333	0.111111111111111
0.333333333333333	0.111111111111111	0.111111111111111	0.333333333333333	0.111111111111111
0.222222222222222	0.222222222222222	0.111111111111111	0.333333333333333	0.111111111111111
0.111111111111111	0.333333333333333	0.111111111111111	0.333333333333333	0.111111111111111
1.00000000000000e-05	0.444444444444444	0.111111111111111	0.333333333333333	0.111111111111111
0.333333333333333	1.00000000000000e-05	0.222222222222222	0.333333333333333	0.111111111111111
0.222222222222222	0.111111111111111	0.222222222222222	0.333333333333333	0.111111111111111
0.111111111111111	0.222222222222222	0.222222222222222	0.333333333333333	0.111111111111111
1.00000000000000e-05	0.333333333333333	0.222222222222222	0.333333333333333	0.111111111111111
0.222222222222222	1.00000000000000e-05	0.333333333333333	0.333333333333333	0.111111111111111
0.111111111111111	0.111111111111111	0.333333333333333	0.333333333333333	0.111111111111111
1.00000000000000e-05	0.222222222222222	0.333333333333333	0.333333333333333	0.111111111111111
0.111111111111111	1.00000000000000e-05	0.444444444444444	0.333333333333333	0.111111111111111
1.00000000000000e-05	0.111111111111111	0.444444444444444	0.333333333333333	0.111111111111111
1.00000000000000e-05	1.00000000000000e-05	0.555555555555556	0.333333333333333	0.111111111111111
0.444444444444444	1.00000000000000e-05	1.00000000000000e-05	0.444444444444444	0.111111111111111
0.333333333333333	0.111111111111111	1.00000000000000e-05	0.444444444444444	0.111111111111111
0.222222222222222	0.222222222222222	1.00000000000000e-05	0.444444444444444	0.111111111111111
0.111111111111111	0.333333333333333	1.00000000000000e-05	0.444444444444444	0.111111111111111
1.00000000000000e-05	0.444444444444444	1.00000000000000e-05	0.444444444444444	0.111111111111111
0.333333333333333	1.00000000000000e-05	0.111111111111111	0.444444444444444	0.111111111111111
0.222222222222222	0.111111111111111	0.111111111111111	0.444444444444444	0.111111111111111
0.111111111111111	0.222222222222222	0.111111111111111	0.444444444444444	0.111111111111111
1.00000000000000e-05	0.333333333333333	0.111111111111111	0.444444444444444	0.111111111111111
0.222222222222222	1.00000000000000e-05	0.222222222222222	0.444444444444444	0.111111111111111
0.111111111111111	0.111111111111111	0.222222222222222	0.444444444444444	0.111111111111111
1.00000000000000e-05	0.222222222222222	0.222222222222222	0.444444444444444	0.111111111111111
0.111111111111111	1.00000000000000e-05	0.333333333333333	0.444444444444444	0.111111111111111
1.00000000000000e-05	0.111111111111111	0.333333333333333	0.444444444444444	0.111111111111111
1.00000000000000e-05	1.00000000000000e-05	0.444444444444444	0.444444444444444	0.111111111111111
0.333333333333333	1.00000000000000e-05	1.00000000000000e-05	0.555555555555556	0.111111111111111
0.222222222222222	0.111111111111111	1.00000000000000e-05	0.555555555555556	0.111111111111111
0.111111111111111	0.222222222222222	1.00000000000000e-05	0.555555555555556	0.111111111111111
1.00000000000000e-05	0.333333333333333	1.00000000000000e-05	0.555555555555556	0.111111111111111
0.222222222222222	1.00000000000000e-05	0.111111111111111	0.555555555555556	0.111111111111111
0.111111111111111	0.111111111111111	0.111111111111111	0.555555555555556	0.111111111111111
1.00000000000000e-05	0.222222222222222	0.111111111111111	0.555555555555556	0.111111111111111
0.111111111111111	1.00000000000000e-05	0.222222222222222	0.555555555555556	0.111111111111111
1.00000000000000e-05	0.111111111111111	0.222222222222222	0.555555555555556	0.111111111111111
1.00000000000000e-05	1.00000000000000e-05	0.333333333333333	0.555555555555556	0.111111111111111
0.222222222222222	1.00000000000000e-05	1.00000000000000e-05	0.666666666666667	0.111111111111111
0.111111111111111	0.111111111111111	1.00000000000000e-05	0.666666666666667	0.111111111111111
1.00000000000000e-05	0.222222222222222	1.00000000000000e-05	0.666666666666667	0.111111111111111
0.111111111111111	1.00000000000000e-05	0.111111111111111	0.666666666666667	0.111111111111111
1.00000000000000e-05	0.111111111111111	0.111111111111111	0.666666666666667	0.111111111111111
1.00000000000000e-05	1.00000000000000e-05	0.222222222222222	0.666666666666667	0.111111111111111
0.111111111111111	1.00000000000000e-05	1.00000000000000e-05	0.777777777777778	0.111111111111111
1.00000000000000e-05	0.111111111111111	1.00000000000000e-05	0.777777777777778	0.111111111111111
1.00000000000000e-05	1.00000000000000e-05	0.111111111111111	0.777777777777778	0.111111111111111
1.00000000000000e-05	1.00000000000000e-05	1.00000000000000e-05	0.888888888888889	0.111111111111111
0.777777777777778	1.00000000000000e-05	1.00000000000000e-05	1.00000000000000e-05	0.222222222222222
0.666666666666667	0.111111111111111	1.00000000000000e-05	1.00000000000000e-05	0.222222222222222
0.555555555555556	0.222222222222222	1.00000000000000e-05	1.00000000000000e-05	0.222222222222222
0.444444444444444	0.333333333333333	1.00000000000000e-05	1.00000000000000e-05	0.222222222222222
0.333333333333333	0.444444444444444	1.00000000000000e-05	1.00000000000000e-05	0.222222222222222
0.222222222222222	0.555555555555556	1.00000000000000e-05	1.00000000000000e-05	0.222222222222222
0.111111111111111	0.666666666666667	1.00000000000000e-05	1.00000000000000e-05	0.222222222222222
1.00000000000000e-05	0.777777777777778	1.00000000000000e-05	1.00000000000000e-05	0.222222222222222
0.666666666666667	1.00000000000000e-05	0.111111111111111	1.00000000000000e-05	0.222222222222222
0.555555555555556	0.111111111111111	0.111111111111111	1.00000000000000e-05	0.222222222222222
0.444444444444444	0.222222222222222	0.111111111111111	1.00000000000000e-05	0.222222222222222
0.333333333333333	0.333333333333333	0.111111111111111	1.00000000000000e-05	0.222222222222222
0.222222222222222	0.444444444444444	0.111111111111111	1.00000000000000e-05	0.222222222222222
0.111111111111111	0.555555555555556	0.111111111111111	1.00000000000000e-05	0.222222222222222
1.00000000000000e-05	0.666666666666667	0.111111111111111	1.00000000000000e-05	0.222222222222222
0.555555555555556	1.00000000000000e-05	0.222222222222222	1.00000000000000e-05	0.222222222222222
0.444444444444444	0.111111111111111	0.222222222222222	1.00000000000000e-05	0.222222222222222
0.333333333333333	0.222222222222222	0.222222222222222	1.00000000000000e-05	0.222222222222222
0.222222222222222	0.333333333333333	0.222222222222222	1.00000000000000e-05	0.222222222222222
0.111111111111111	0.444444444444444	0.222222222222222	1.00000000000000e-05	0.222222222222222
1.00000000000000e-05	0.555555555555556	0.222222222222222	1.00000000000000e-05	0.222222222222222
0.444444444444444	1.00000000000000e-05	0.333333333333333	1.00000000000000e-05	0.222222222222222
0.333333333333333	0.111111111111111	0.333333333333333	1.00000000000000e-05	0.222222222222222
0.222222222222222	0.222222222222222	0.333333333333333	1.00000000000000e-05	0.222222222222222
0.111111111111111	0.333333333333333	0.333333333333333	1.00000000000000e-05	0.222222222222222
1.00000000000000e-05	0.444444444444444	0.333333333333333	1.00000000000000e-05	0.222222222222222
0.333333333333333	1.00000000000000e-05	0.444444444444444	1.00000000000000e-05	0.222222222222222
0.222222222222222	0.111111111111111	0.444444444444444	1.00000000000000e-05	0.222222222222222
0.111111111111111	0.222222222222222	0.444444444444444	1.00000000000000e-05	0.222222222222222
1.00000000000000e-05	0.333333333333333	0.444444444444444	1.00000000000000e-05	0.222222222222222
0.222222222222222	1.00000000000000e-05	0.555555555555556	1.00000000000000e-05	0.222222222222222
0.111111111111111	0.111111111111111	0.555555555555556	1.00000000000000e-05	0.222222222222222
1.00000000000000e-05	0.222222222222222	0.555555555555556	1.00000000000000e-05	0.222222222222222
0.111111111111111	1.00000000000000e-05	0.666666666666667	1.00000000000000e-05	0.222222222222222
1.00000000000000e-05	0.111111111111111	0.666666666666667	1.00000000000000e-05	0.222222222222222
1.00000000000000e-05	1.00000000000000e-05	0.777777777777778	1.00000000000000e-05	0.222222222222222
0.666666666666667	1.00000000000000e-05	1.00000000000000e-05	0.111111111111111	0.222222222222222
0.555555555555556	0.111111111111111	1.00000000000000e-05	0.111111111111111	0.222222222222222
0.444444444444444	0.222222222222222	1.00000000000000e-05	0.111111111111111	0.222222222222222
0.333333333333333	0.333333333333333	1.00000000000000e-05	0.111111111111111	0.222222222222222
0.222222222222222	0.444444444444444	1.00000000000000e-05	0.111111111111111	0.222222222222222
0.111111111111111	0.555555555555556	1.00000000000000e-05	0.111111111111111	0.222222222222222
1.00000000000000e-05	0.666666666666667	1.00000000000000e-05	0.111111111111111	0.222222222222222
0.555555555555556	1.00000000000000e-05	0.111111111111111	0.111111111111111	0.222222222222222
0.444444444444444	0.111111111111111	0.111111111111111	0.111111111111111	0.222222222222222
0.333333333333333	0.222222222222222	0.111111111111111	0.111111111111111	0.222222222222222
0.222222222222222	0.333333333333333	0.111111111111111	0.111111111111111	0.222222222222222
0.111111111111111	0.444444444444444	0.111111111111111	0.111111111111111	0.222222222222222
1.00000000000000e-05	0.555555555555556	0.111111111111111	0.111111111111111	0.222222222222222
0.444444444444444	1.00000000000000e-05	0.222222222222222	0.111111111111111	0.222222222222222
0.333333333333333	0.111111111111111	0.222222222222222	0.111111111111111	0.222222222222222
0.222222222222222	0.222222222222222	0.222222222222222	0.111111111111111	0.222222222222222
0.111111111111111	0.333333333333333	0.222222222222222	0.111111111111111	0.222222222222222
1.00000000000000e-05	0.444444444444444	0.222222222222222	0.111111111111111	0.222222222222222
0.333333333333333	1.00000000000000e-05	0.333333333333333	0.111111111111111	0.222222222222222
0.222222222222222	0.111111111111111	0.333333333333333	0.111111111111111	0.222222222222222
0.111111111111111	0.222222222222222	0.333333333333333	0.111111111111111	0.222222222222222
1.00000000000000e-05	0.333333333333333	0.333333333333333	0.111111111111111	0.222222222222222
0.222222222222222	1.00000000000000e-05	0.444444444444444	0.111111111111111	0.222222222222222
0.111111111111111	0.111111111111111	0.444444444444444	0.111111111111111	0.222222222222222
1.00000000000000e-05	0.222222222222222	0.444444444444444	0.111111111111111	0.222222222222222
0.111111111111111	1.00000000000000e-05	0.555555555555556	0.111111111111111	0.222222222222222
1.00000000000000e-05	0.111111111111111	0.555555555555556	0.111111111111111	0.222222222222222
1.00000000000000e-05	1.00000000000000e-05	0.666666666666667	0.111111111111111	0.222222222222222
0.555555555555556	1.00000000000000e-05	1.00000000000000e-05	0.222222222222222	0.222222222222222
0.444444444444444	0.111111111111111	1.00000000000000e-05	0.222222222222222	0.222222222222222
0.333333333333333	0.222222222222222	1.00000000000000e-05	0.222222222222222	0.222222222222222
0.222222222222222	0.333333333333333	1.00000000000000e-05	0.222222222222222	0.222222222222222
0.111111111111111	0.444444444444444	1.00000000000000e-05	0.222222222222222	0.222222222222222
1.00000000000000e-05	0.555555555555556	1.00000000000000e-05	0.222222222222222	0.222222222222222
0.444444444444444	1.00000000000000e-05	0.111111111111111	0.222222222222222	0.222222222222222
0.333333333333333	0.111111111111111	0.111111111111111	0.222222222222222	0.222222222222222
0.222222222222222	0.222222222222222	0.111111111111111	0.222222222222222	0.222222222222222
0.111111111111111	0.333333333333333	0.111111111111111	0.222222222222222	0.222222222222222
1.00000000000000e-05	0.444444444444444	0.111111111111111	0.222222222222222	0.222222222222222
0.333333333333333	1.00000000000000e-05	0.222222222222222	0.222222222222222	0.222222222222222
0.222222222222222	0.111111111111111	0.222222222222222	0.222222222222222	0.222222222222222
0.111111111111111	0.222222222222222	0.222222222222222	0.222222222222222	0.222222222222222
1.00000000000000e-05	0.333333333333333	0.222222222222222	0.222222222222222	0.222222222222222
0.222222222222222	1.00000000000000e-05	0.333333333333333	0.222222222222222	0.222222222222222
0.111111111111111	0.111111111111111	0.333333333333333	0.222222222222222	0.222222222222222
1.00000000000000e-05	0.222222222222222	0.333333333333333	0.222222222222222	0.222222222222222
0.111111111111111	1.00000000000000e-05	0.444444444444444	0.222222222222222	0.222222222222222
1.00000000000000e-05	0.111111111111111	0.444444444444444	0.222222222222222	0.222222222222222
1.00000000000000e-05	1.00000000000000e-05	0.555555555555556	0.222222222222222	0.222222222222222
0.444444444444444	1.00000000000000e-05	1.00000000000000e-05	0.333333333333333	0.222222222222222
0.333333333333333	0.111111111111111	1.00000000000000e-05	0.333333333333333	0.222222222222222
0.222222222222222	0.222222222222222	1.00000000000000e-05	0.333333333333333	0.222222222222222
0.111111111111111	0.333333333333333	1.00000000000000e-05	0.333333333333333	0.222222222222222
1.00000000000000e-05	0.444444444444444	1.00000000000000e-05	0.333333333333333	0.222222222222222
0.333333333333333	1.00000000000000e-05	0.111111111111111	0.333333333333333	0.222222222222222
0.222222222222222	0.111111111111111	0.111111111111111	0.333333333333333	0.222222222222222
0.111111111111111	0.222222222222222	0.111111111111111	0.333333333333333	0.222222222222222
1.00000000000000e-05	0.333333333333333	0.111111111111111	0.333333333333333	0.222222222222222
0.222222222222222	1.00000000000000e-05	0.222222222222222	0.333333333333333	0.222222222222222
0.111111111111111	0.111111111111111	0.222222222222222	0.333333333333333	0.222222222222222
1.00000000000000e-05	0.222222222222222	0.222222222222222	0.333333333333333	0.222222222222222
0.111111111111111	1.00000000000000e-05	0.333333333333333	0.333333333333333	0.222222222222222
1.00000000000000e-05	0.111111111111111	0.333333333333333	0.333333333333333	0.222222222222222
1.00000000000000e-05	1.00000000000000e-05	0.444444444444444	0.333333333333333	0.222222222222222
0.333333333333333	1.00000000000000e-05	1.00000000000000e-05	0.444444444444444	0.222222222222222
0.222222222222222	0.111111111111111	1.00000000000000e-05	0.444444444444444	0.222222222222222
0.111111111111111	0.222222222222222	1.00000000000000e-05	0.444444444444444	0.222222222222222
1.00000000000000e-05	0.333333333333333	1.00000000000000e-05	0.444444444444444	0.222222222222222
0.222222222222222	1.00000000000000e-05	0.111111111111111	0.444444444444444	0.222222222222222
0.111111111111111	0.111111111111111	0.111111111111111	0.444444444444444	0.222222222222222
1.00000000000000e-05	0.222222222222222	0.111111111111111	0.444444444444444	0.222222222222222
0.111111111111111	1.00000000000000e-05	0.222222222222222	0.444444444444444	0.222222222222222
1.00000000000000e-05	0.111111111111111	0.222222222222222	0.444444444444444	0.222222222222222
1.00000000000000e-05	1.00000000000000e-05	0.333333333333333	0.444444444444444	0.222222222222222
0.222222222222222	1.00000000000000e-05	1.00000000000000e-05	0.555555555555556	0.222222222222222
0.111111111111111	0.111111111111111	1.00000000000000e-05	0.555555555555556	0.222222222222222
1.00000000000000e-05	0.222222222222222	1.00000000000000e-05	0.555555555555556	0.222222222222222
0.111111111111111	1.00000000000000e-05	0.111111111111111	0.555555555555556	0.222222222222222
1.00000000000000e-05	0.111111111111111	0.111111111111111	0.555555555555556	0.222222222222222
1.00000000000000e-05	1.00000000000000e-05	0.222222222222222	0.555555555555556	0.222222222222222
0.111111111111111	1.00000000000000e-05	1.00000000000000e-05	0.666666666666667	0.222222222222222
1.00000000000000e-05	0.111111111111111	1.00000000000000e-05	0.666666666666667	0.222222222222222
1.00000000000000e-05	1.00000000000000e-05	0.111111111111111	0.666666666666667	0.222222222222222
1.00000000000000e-05	1.00000000000000e-05	1.00000000000000e-05	0.777777777777778	0.222222222222222
0.666666666666667	1.00000000000000e-05	1.00000000000000e-05	1.00000000000000e-05	0.333333333333333
0.555555555555556	0.111111111111111	1.00000000000000e-05	1.00000000000000e-05	0.333333333333333
0.444444444444444	0.222222222222222	1.00000000000000e-05	1.00000000000000e-05	0.333333333333333
0.333333333333333	0.333333333333333	1.00000000000000e-05	1.00000000000000e-05	0.333333333333333
0.222222222222222	0.444444444444444	1.00000000000000e-05	1.00000000000000e-05	0.333333333333333
0.111111111111111	0.555555555555556	1.00000000000000e-05	1.00000000000000e-05	0.333333333333333
1.00000000000000e-05	0.666666666666667	1.00000000000000e-05	1.00000000000000e-05	0.333333333333333
0.555555555555556	1.00000000000000e-05	0.111111111111111	1.00000000000000e-05	0.333333333333333
0.444444444444444	0.111111111111111	0.111111111111111	1.00000000000000e-05	0.333333333333333
0.333333333333333	0.222222222222222	0.111111111111111	1.00000000000000e-05	0.333333333333333
0.222222222222222	0.333333333333333	0.111111111111111	1.00000000000000e-05	0.333333333333333
0.111111111111111	0.444444444444444	0.111111111111111	1.00000000000000e-05	0.333333333333333
1.00000000000000e-05	0.555555555555556	0.111111111111111	1.00000000000000e-05	0.333333333333333
0.444444444444444	1.00000000000000e-05	0.222222222222222	1.00000000000000e-05	0.333333333333333
0.333333333333333	0.111111111111111	0.222222222222222	1.00000000000000e-05	0.333333333333333
0.222222222222222	0.222222222222222	0.222222222222222	1.00000000000000e-05	0.333333333333333
0.111111111111111	0.333333333333333	0.222222222222222	1.00000000000000e-05	0.333333333333333
1.00000000000000e-05	0.444444444444444	0.222222222222222	1.00000000000000e-05	0.333333333333333
0.333333333333333	1.00000000000000e-05	0.333333333333333	1.00000000000000e-05	0.333333333333333
0.222222222222222	0.111111111111111	0.333333333333333	1.00000000000000e-05	0.333333333333333
0.111111111111111	0.222222222222222	0.333333333333333	1.00000000000000e-05	0.333333333333333
1.00000000000000e-05	0.333333333333333	0.333333333333333	1.00000000000000e-05	0.333333333333333
0.222222222222222	1.00000000000000e-05	0.444444444444444	1.00000000000000e-05	0.333333333333333
0.111111111111111	0.111111111111111	0.444444444444444	1.00000000000000e-05	0.333333333333333
1.00000000000000e-05	0.222222222222222	0.444444444444444	1.00000000000000e-05	0.333333333333333
0.111111111111111	1.00000000000000e-05	0.555555555555556	1.00000000000000e-05	0.333333333333333
1.00000000000000e-05	0.111111111111111	0.555555555555556	1.00000000000000e-05	0.333333333333333
1.00000000000000e-05	1.00000000000000e-05	0.666666666666667	1.00000000000000e-05	0.333333333333333
0.555555555555556	1.00000000000000e-05	1.00000000000000e-05	0.111111111111111	0.333333333333333
0.444444444444444	0.111111111111111	1.00000000000000e-05	0.111111111111111	0.333333333333333
0.333333333333333	0.222222222222222	1.00000000000000e-05	0.111111111111111	0.333333333333333
0.222222222222222	0.333333333333333	1.00000000000000e-05	0.111111111111111	0.333333333333333
0.111111111111111	0.444444444444444	1.00000000000000e-05	0.111111111111111	0.333333333333333
1.00000000000000e-05	0.555555555555556	1.00000000000000e-05	0.111111111111111	0.333333333333333
0.444444444444444	1.00000000000000e-05	0.111111111111111	0.111111111111111	0.333333333333333
0.333333333333333	0.111111111111111	0.111111111111111	0.111111111111111	0.333333333333333
0.222222222222222	0.222222222222222	0.111111111111111	0.111111111111111	0.333333333333333
0.111111111111111	0.333333333333333	0.111111111111111	0.111111111111111	0.333333333333333
1.00000000000000e-05	0.444444444444444	0.111111111111111	0.111111111111111	0.333333333333333
0.333333333333333	1.00000000000000e-05	0.222222222222222	0.111111111111111	0.333333333333333
0.222222222222222	0.111111111111111	0.222222222222222	0.111111111111111	0.333333333333333
0.111111111111111	0.222222222222222	0.222222222222222	0.111111111111111	0.333333333333333
1.00000000000000e-05	0.333333333333333	0.222222222222222	0.111111111111111	0.333333333333333
0.222222222222222	1.00000000000000e-05	0.333333333333333	0.111111111111111	0.333333333333333
0.111111111111111	0.111111111111111	0.333333333333333	0.111111111111111	0.333333333333333
1.00000000000000e-05	0.222222222222222	0.333333333333333	0.111111111111111	0.333333333333333
0.111111111111111	1.00000000000000e-05	0.444444444444444	0.111111111111111	0.333333333333333
1.00000000000000e-05	0.111111111111111	0.444444444444444	0.111111111111111	0.333333333333333
1.00000000000000e-05	1.00000000000000e-05	0.555555555555556	0.111111111111111	0.333333333333333
0.444444444444444	1.00000000000000e-05	1.00000000000000e-05	0.222222222222222	0.333333333333333
0.333333333333333	0.111111111111111	1.00000000000000e-05	0.222222222222222	0.333333333333333
0.222222222222222	0.222222222222222	1.00000000000000e-05	0.222222222222222	0.333333333333333
0.111111111111111	0.333333333333333	1.00000000000000e-05	0.222222222222222	0.333333333333333
1.00000000000000e-05	0.444444444444444	1.00000000000000e-05	0.222222222222222	0.333333333333333
0.333333333333333	1.00000000000000e-05	0.111111111111111	0.222222222222222	0.333333333333333
0.222222222222222	0.111111111111111	0.111111111111111	0.222222222222222	0.333333333333333
0.111111111111111	0.222222222222222	0.111111111111111	0.222222222222222	0.333333333333333
1.00000000000000e-05	0.333333333333333	0.111111111111111	0.222222222222222	0.333333333333333
0.222222222222222	1.00000000000000e-05	0.222222222222222	0.222222222222222	0.333333333333333
0.111111111111111	0.111111111111111	0.222222222222222	0.222222222222222	0.333333333333333
1.00000000000000e-05	0.222222222222222	0.222222222222222	0.222222222222222	0.333333333333333
0.111111111111111	1.00000000000000e-05	0.333333333333333	0.222222222222222	0.333333333333333
1.00000000000000e-05	0.111111111111111	0.333333333333333	0.222222222222222	0.333333333333333
1.00000000000000e-05	1.00000000000000e-05	0.444444444444444	0.222222222222222	0.333333333333333
0.333333333333333	1.00000000000000e-05	1.00000000000000e-05	0.333333333333333	0.333333333333333
0.222222222222222	0.111111111111111	1.00000000000000e-05	0.333333333333333	0.333333333333333
0.111111111111111	0.222222222222222	1.00000000000000e-05	0.333333333333333	0.333333333333333
1.00000000000000e-05	0.333333333333333	1.00000000000000e-05	0.333333333333333	0.333333333333333
0.222222222222222	1.00000000000000e-05	0.111111111111111	0.333333333333333	0.333333333333333
0.111111111111111	0.111111111111111	0.111111111111111	0.333333333333333	0.333333333333333
1.00000000000000e-05	0.222222222222222	0.111111111111111	0.333333333333333	0.333333333333333
0.111111111111111	1.00000000000000e-05	0.222222222222222	0.333333333333333	0.333333333333333
1.00000000000000e-05	0.111111111111111	0.222222222222222	0.333333333333333	0.333333333333333
1.00000000000000e-05	1.00000000000000e-05	0.333333333333333	0.333333333333333	0.333333333333333
0.222222222222222	1.00000000000000e-05	1.00000000000000e-05	0.444444444444444	0.333333333333333
0.111111111111111	0.111111111111111	1.00000000000000e-05	0.444444444444444	0.333333333333333
1.00000000000000e-05	0.222222222222222	1.00000000000000e-05	0.444444444444444	0.333333333333333
0.111111111111111	1.00000000000000e-05	0.111111111111111	0.444444444444444	0.333333333333333
1.00000000000000e-05	0.111111111111111	0.111111111111111	0.444444444444444	0.333333333333333
1.00000000000000e-05	1.00000000000000e-05	0.222222222222222	0.444444444444444	0.333333333333333
0.111111111111111	1.00000000000000e-05	1.00000000000000e-05	0.555555555555556	0.333333333333333
1.00000000000000e-05	0.111111111111111	1.00000000000000e-05	0.555555555555556	0.333333333333333
1.00000000000000e-05	1.00000000000000e-05	0.111111111111111	0.555555555555556	0.333333333333333
1.00000000000000e-05	1.00000000000000e-05	1.00000000000000e-05	0.666666666666667	0.333333333333333
0.555555555555556	1.00000000000000e-05	1.00000000000000e-05	1.00000000000000e-05	0.444444444444444
0.444444444444444	0.111111111111111	1.00000000000000e-05	1.00000000000000e-05	0.444444444444444
0.333333333333333	0.222222222222222	1.00000000000000e-05	1.00000000000000e-05	0.444444444444444
0.222222222222222	0.333333333333333	1.00000000000000e-05	1.00000000000000e-05	0.444444444444444
0.111111111111111	0.444444444444444	1.00000000000000e-05	1.00000000000000e-05	0.444444444444444
1.00000000000000e-05	0.555555555555556	1.00000000000000e-05	1.00000000000000e-05	0.444444444444444
0.444444444444444	1.00000000000000e-05	0.111111111111111	1.00000000000000e-05	0.444444444444444
0.333333333333333	0.111111111111111	0.111111111111111	1.00000000000000e-05	0.444444444444444
0.222222222222222	0.222222222222222	0.111111111111111	1.00000000000000e-05	0.444444444444444
0.111111111111111	0.333333333333333	0.111111111111111	1.00000000000000e-05	0.444444444444444
1.00000000000000e-05	0.444444444444444	0.111111111111111	1.00000000000000e-05	0.444444444444444
0.333333333333333	1.00000000000000e-05	0.222222222222222	1.00000000000000e-05	0.444444444444444
0.222222222222222	0.111111111111111	0.222222222222222	1.00000000000000e-05	0.444444444444444
0.111111111111111	0.222222222222222	0.222222222222222	1.00000000000000e-05	0.444444444444444
1.00000000000000e-05	0.333333333333333	0.222222222222222	1.00000000000000e-05	0.444444444444444
0.222222222222222	1.00000000000000e-05	0.333333333333333	1.00000000000000e-05	0.444444444444444
0.111111111111111	0.111111111111111	0.333333333333333	1.00000000000000e-05	0.444444444444444
1.00000000000000e-05	0.222222222222222	0.333333333333333	1.00000000000000e-05	0.444444444444444
0.111111111111111	1.00000000000000e-05	0.444444444444444	1.00000000000000e-05	0.444444444444444
1.00000000000000e-05	0.111111111111111	0.444444444444444	1.00000000000000e-05	0.444444444444444
1.00000000000000e-05	1.00000000000000e-05	0.555555555555556	1.00000000000000e-05	0.444444444444444
0.444444444444444	1.00000000000000e-05	1.00000000000000e-05	0.111111111111111	0.444444444444444
0.333333333333333	0.111111111111111	1.00000000000000e-05	0.111111111111111	0.444444444444444
0.222222222222222	0.222222222222222	1.00000000000000e-05	0.111111111111111	0.444444444444444
0.111111111111111	0.333333333333333	1.00000000000000e-05	0.111111111111111	0.444444444444444
1.00000000000000e-05	0.444444444444444	1.00000000000000e-05	0.111111111111111	0.444444444444444
0.333333333333333	1.00000000000000e-05	0.111111111111111	0.111111111111111	0.444444444444444
0.222222222222222	0.111111111111111	0.111111111111111	0.111111111111111	0.444444444444444
0.111111111111111	0.222222222222222	0.111111111111111	0.111111111111111	0.444444444444444
1.00000000000000e-05	0.333333333333333	0.111111111111111	0.111111111111111	0.444444444444444
0.222222222222222	1.00000000000000e-05	0.222222222222222	0.111111111111111	0.444444444444444
0.111111111111111	0.111111111111111	0.222222222222222	0.111111111111111	0.444444444444444
1.00000000000000e-05	0.222222222222222	0.222222222222222	0.111111111111111	0.444444444444444
0.111111111111111	1.00000000000000e-05	0.333333333333333	0.111111111111111	0.444444444444444
1.00000000000000e-05	0.111111111111111	0.333333333333333	0.111111111111111	0.444444444444444
1.00000000000000e-05	1.00000000000000e-05	0.444444444444444	0.111111111111111	0.444444444444444
0.333333333333333	1.00000000000000e-05	1.00000000000000e-05	0.222222222222222	0.444444444444444
0.222222222222222	0.111111111111111	1.00000000000000e-05	0.222222222222222	0.444444444444444
0.111111111111111	0.222222222222222	1.00000000000000e-05	0.222222222222222	0.444444444444444
1.00000000000000e-05	0.333333333333333	1.00000000000000e-05	0.222222222222222	0.444444444444444
0.222222222222222	1.00000000000000e-05	0.111111111111111	0.222222222222222	0.444444444444444
0.111111111111111	0.111111111111111	0.111111111111111	0.222222222222222	0.444444444444444
1.00000000000000e-05	0.222222222222222	0.111111111111111	0.222222222222222	0.444444444444444
0.111111111111111	1.00000000000000e-05	0.222222222222222	0.222222222222222	0.444444444444444
1.00000000000000e-05	0.111111111111111	0.222222222222222	0.222222222222222	0.444444444444444
1.00000000000000e-05	1.00000000000000e-05	0.333333333333333	0.222222222222222	0.444444444444444
0.222222222222222	1.00000000000000e-05	1.00000000000000e-05	0.333333333333333	0.444444444444444
0.111111111111111	0.111111111111111	1.00000000000000e-05	0.333333333333333	0.444444444444444
1.00000000000000e-05	0.222222222222222	1.00000000000000e-05	0.333333333333333	0.444444444444444
0.111111111111111	1.00000000000000e-05	0.111111111111111	0.333333333333333	0.444444444444444
1.00000000000000e-05	0.111111111111111	0.111111111111111	0.333333333333333	0.444444444444444
1.00000000000000e-05	1.00000000000000e-05	0.222222222222222	0.333333333333333	0.444444444444444
0.111111111111111	1.00000000000000e-05	1.00000000000000e-05	0.444444444444444	0.444444444444444
1.00000000000000e-05	0.111111111111111	1.00000000000000e-05	0.444444444444444	0.444444444444444
1.00000000000000e-05	1.00000000000000e-05	0.111111111111111	0.444444444444444	0.444444444444444
1.00000000000000e-05	1.00000000000000e-05	1.00000000000000e-05	0.555555555555556	0.444444444444444
0.444444444444444	1.00000000000000e-05	1.00000000000000e-05	1.00000000000000e-05	0.555555555555556
0.333333333333333	0.111111111111111	1.00000000000000e-05	1.00000000000000e-05	0.555555555555556
0.222222222222222	0.222222222222222	1.00000000000000e-05	1.00000000000000e-05	0.555555555555556
0.111111111111111	0.333333333333333	1.00000000000000e-05	1.00000000000000e-05	0.555555555555556
1.00000000000000e-05	0.444444444444444	1.00000000000000e-05	1.00000000000000e-05	0.555555555555556
0.333333333333333	1.00000000000000e-05	0.111111111111111	1.00000000000000e-05	0.555555555555556
0.222222222222222	0.111111111111111	0.111111111111111	1.00000000000000e-05	0.555555555555556
0.111111111111111	0.222222222222222	0.111111111111111	1.00000000000000e-05	0.555555555555556
1.00000000000000e-05	0.333333333333333	0.111111111111111	1.00000000000000e-05	0.555555555555556
0.222222222222222	1.00000000000000e-05	0.222222222222222	1.00000000000000e-05	0.555555555555556
0.111111111111111	0.111111111111111	0.222222222222222	1.00000000000000e-05	0.555555555555556
1.00000000000000e-05	0.222222222222222	0.222222222222222	1.00000000000000e-05	0.555555555555556
0.111111111111111	1.00000000000000e-05	0.333333333333333	1.00000000000000e-05	0.555555555555556
1.00000000000000e-05	0.111111111111111	0.333333333333333	1.00000000000000e-05	0.555555555555556
1.00000000000000e-05	1.00000000000000e-05	0.444444444444444	1.00000000000000e-05	0.555555555555556
0.333333333333333	1.00000000000000e-05	1.00000000000000e-05	0.111111111111111	0.555555555555556
0.222222222222222	0.111111111111111	1.00000000000000e-05	0.111111111111111	0.555555555555556
0.111111111111111	0.222222222222222	1.00000000000000e-05	0.111111111111111	0.555555555555556
1.00000000000000e-05	0.333333333333333	1.00000000000000e-05	0.111111111111111	0.555555555555556
0.222222222222222	1.00000000000000e-05	0.111111111111111	0.111111111111111	0.555555555555556
0.111111111111111	0.111111111111111	0.111111111111111	0.111111111111111	0.555555555555556
1.00000000000000e-05	0.222222222222222	0.111111111111111	0.111111111111111	0.555555555555556
0.111111111111111	1.00000000000000e-05	0.222222222222222	0.111111111111111	0.555555555555556
1.00000000000000e-05	0.111111111111111	0.222222222222222	0.111111111111111	0.555555555555556
1.00000000000000e-05	1.00000000000000e-05	0.333333333333333	0.111111111111111	0.555555555555556
0.222222222222222	1.00000000000000e-05	1.00000000000000e-05	0.222222222222222	0.555555555555556
0.111111111111111	0.111111111111111	1.00000000000000e-05	0.222222222222222	0.555555555555556
1.00000000000000e-05	0.222222222222222	1.00000000000000e-05	0.222222222222222	0.555555555555556
0.111111111111111	1.00000000000000e-05	0.111111111111111	0.222222222222222	0.555555555555556
1.00000000000000e-05	0.111111111111111	0.111111111111111	0.222222222222222	0.555555555555556
1.00000000000000e-05	1.00000000000000e-05	0.222222222222222	0.222222222222222	0.555555555555556
0.111111111111111	1.00000000000000e-05	1.00000000000000e-05	0.333333333333333	0.555555555555556
1.00000000000000e-05	0.111111111111111	1.00000000000000e-05	0.333333333333333	0.555555555555556
1.00000000000000e-05	1.00000000000000e-05	0.111111111111111	0.333333333333333	0.555555555555556
1.00000000000000e-05	1.00000000000000e-05	1.00000000000000e-05	0.444444444444444	0.555555555555556
0.333333333333333	1.00000000000000e-05	1.00000000000000e-05	1.00000000000000e-05	0.666666666666667
0.222222222222222	0.111111111111111	1.00000000000000e-05	1.00000000000000e-05	0.666666666666667
0.111111111111111	0.222222222222222	1.00000000000000e-05	1.00000000000000e-05	0.666666666666667
1.00000000000000e-05	0.333333333333333	1.00000000000000e-05	1.00000000000000e-05	0.666666666666667
0.222222222222222	1.00000000000000e-05	0.111111111111111	1.00000000000000e-05	0.666666666666667
0.111111111111111	0.111111111111111	0.111111111111111	1.00000000000000e-05	0.666666666666667
1.00000000000000e-05	0.222222222222222	0.111111111111111	1.00000000000000e-05	0.666666666666667
0.111111111111111	1.00000000000000e-05	0.222222222222222	1.00000000000000e-05	0.666666666666667
1.00000000000000e-05	0.111111111111111	0.222222222222222	1.00000000000000e-05	0.666666666666667
1.00000000000000e-05	1.00000000000000e-05	0.333333333333333	1.00000000000000e-05	0.666666666666667
0.222222222222222	1.00000000000000e-05	1.00000000000000e-05	0.111111111111111	0.666666666666667
0.111111111111111	0.111111111111111	1.00000000000000e-05	0.111111111111111	0.666666666666667
1.00000000000000e-05	0.222222222222222	1.00000000000000e-05	0.111111111111111	0.666666666666667
0.111111111111111	1.00000000000000e-05	0.111111111111111	0.111111111111111	0.666666666666667
1.00000000000000e-05	0.111111111111111	0.111111111111111	0.111111111111111	0.666666666666667
1.00000000000000e-05	1.00000000000000e-05	0.222222222222222	0.111111111111111	0.666666666666667
0.111111111111111	1.00000000000000e-05	1.00000000000000e-05	0.222222222222222	0.666666666666667
1.00000000000000e-05	0.111111111111111	1.00000000000000e-05	0.222222222222222	0.666666666666667
1.00000000000000e-05	1.00000000000000e-05	0.111111111111111	0.222222222222222	0.666666666666667
1.00000000000000e-05	1.00000000000000e-05	1.00000000000000e-05	0.333333333333333	0.666666666666667
0.222222222222222	1.00000000000000e-05	1.00000000000000e-05	1.00000000000000e-05	0.777777777777778
0.111111111111111	0.111111111111111	1.00000000000000e-05	1.00000000000000e-05	0.777777777777778
1.00000000000000e-05	0.222222222222222	1.00000000000000e-05	1.00000000000000e-05	0.777777777777778
0.111111111111111	1.00000000000000e-05	0.111111111111111	1.00000000000000e-05	0.777777777777778
1.00000000000000e-05	0.111111111111111	0.111111111111111	1.00000000000000e-05	0.777777777777778
1.00000000000000e-05	1.00000000000000e-05	0.222222222222222	1.00000000000000e-05	0.777777777777778
0.111111111111111	1.00000000000000e-05	1.00000000000000e-05	0.111111111111111	0.777777777777778
1.00000000000000e-05	0.111111111111111	1.00000000000000e-05	0.111111111111111	0.777777777777778
1.00000000000000e-05	1.00000000000000e-05	0.111111111111111	0.111111111111111	0.777777777777778
1.00000000000000e-05	1.00000000000000e-05	1.00000000000000e-05	0.222222222222222	0.777777777777778
0.111111111111111	1.00000000000000e-05	1.00000000000000e-05	1.00000000000000e-05	0.888888888888889
1.00000000000000e-05	0.111111111111111	1.00000000000000e-05	1.00000000000000e-05	0.888888888888889
1.00000000000000e-05	1.00000000000000e-05	0.111111111111111	1.00000000000000e-05	0.888888888888889
1.00000000000000e-05	1.00000000000000e-05	1.00000000000000e-05	0.111111111111111	0.888888888888889
1.00000000000000e-05	1.00000000000000e-05	1.00000000000000e-05	1.00000000000000e-05	1
