1	1.00000000000000e-05	1.00000000000000e-05	1.00000000000000e-05	1.00000000000000e-05	1.00000000000000e-05	1.00000000000000e-05	1.00000000000000e-05
0.666666666666667	0.333333333333333	1.00000000000000e-05	1.00000000000000e-05	1.00000000000000e-05	1.00000000000000e-05	1.00000000000000e-05	1.00000000000000e-05
0.333333333333333	0.666666666666667	1.00000000000000e-05	1.00000000000000e-05	1.00000000000000e-05	1.00000000000000e-05	1.00000000000000e-05	1.00000000000000e-05
1.00000000000000e-05	1	1.00000000000000e-05	1.00000000000000e-05	1.00000000000000e-05	1.00000000000000e-05	1.00000000000000e-05	1.00000000000000e-05
0.666666666666667	1.00000000000000e-05	0.333333333333333	1.00000000000000e-05	1.00000000000000e-05	1.00000000000000e-05	1.00000000000000e-05	1.00000000000000e-05
0.333333333333333	0.333333333333333	0.333333333333333	1.00000000000000e-05	1.00000000000000e-05	1.00000000000000e-05	1.00000000000000e-05	1.00000000000000e-05
1.00000000000000e-05	0.666666666666667	0.333333333333333	1.00000000000000e-05	1.00000000000000e-05	1.00000000000000e-05	1.00000000000000e-05	1.00000000000000e-05
0.333333333333333	1.00000000000000e-05	0.666666666666667	1.00000000000000e-05	1.00000000000000e-05	1.00000000000000e-05	1.00000000000000e-05	1.00000000000000e-05
1.00000000000000e-05	0.333333333333333	0.666666666666667	1.00000000000000e-05	1.00000000000000e-05	1.00000000000000e-05	1.00000000000000e-05	1.00000000000000e-05
1.00000000000000e-05	1.00000000000000e-05	1	1.00000000000000e-05	1.00000000000000e-05	1.00000000000000e-05	1.00000000000000e-05	1.00000000000000e-05
0.666666666666667	1.00000000000000e-05	1.00000000000000e-05	0.333333333333333	1.00000000000000e-05	1.00000000000000e-05	1.00000000000000e-05	1.00000000000000e-05
0.333333333333333	0.333333333333333	1.00000000000000e-05	0.333333333333333	1.00000000000000e-05	1.00000000000000e-05	1.00000000000000e-05	1.00000000000000e-05
1.00000000000000e-05	0.666666666666667	1.00000000000000e-05	0.333333333333333	1.00000000000000e-05	1.00000000000000e-05	1.00000000000000e-05	1.00000000000000e-05
0.333333333333333	1.00000000000000e-05	0.333333333333333	0.333333333333333	1.00000000000000e-05	1.00000000000000e-05	1.00000000000000e-05	1.00000000000000e-05
1.00000000000000e-05	0.333333333333333	0.333333333333333	0.333333333333333	1.00000000000000e-05	1.00000000000000e-05	1.00000000000000e-05	1.00000000000000e-05
1.00000000000000e-05	1.00000000000000e-05	0.666666666666667	0.333333333333333	1.00000000000000e-05	1.00000000000000e-05	1.00000000000000e-05	1.00000000000000e-05
0.333333333333333	1.00000000000000e-05	1.00000000000000e-05	0.666666666666667	1.00000000000000e-05	1.00000000000000e-05	1.00000000000000e-05	1.00000000000000e-05
1.00000000000000e-05	0.333333333333333	1.00000000000000e-05	0.666666666666667	1.00000000000000e-05	1.00000000000000e-05	1.00000000000000e-05	1.00000000000000e-05
1.00000000000000e-05	1.00000000000000e-05	0.333333333333333	0.666666666666667	1.00000000000000e-05	1.00000000000000e-05	1.00000000000000e-05	1.00000000000000e-05
1.00000000000000e-05	1.00000000000000e-05	1.00000000000000e-05	1	1.00000000000000e-05	1.00000000000000e-05	1.00000000000000e-05	1.00000000000000e-05
0.666666666666667	1.00000000000000e-05	1.00000000000000e-05	1.00000000000000e-05	0.333333333333333	1.00000000000000e-05	1.00000000000000e-05	1.00000000000000e-05
0.333333333333333	0.333333333333333	1.00000000000000e-05	1.00000000000000e-05	0.333333333333333	1.00000000000000e-05	1.00000000000000e-05	1.00000000000000e-05
1.00000000000000e-05	0.666666666666667	1.00000000000000e-05	1.00000000000000e-05	0.333333333333333	1.00000000000000e-05	1.00000000000000e-05	1.00000000000000e-05
0.333333333333333	1.00000000000000e-05	0.333333333333333	1.00000000000000e-05	0.333333333333333	1.00000000000000e-05	1.00000000000000e-05	1.00000000000000e-05
1.00000000000000e-05	0.333333333333333	0.333333333333333	1.00000000000000e-05	0.333333333333333	1.00000000000000e-05	1.00000000000000e-05	1.00000000000000e-05
1.00000000000000e-05	1.00000000000000e-05	0.666666666666667	1.00000000000000e-05	0.333333333333333	1.00000000000000e-05	1.00000000000000e-05	1.00000000000000e-05
0.333333333333333	1.00000000000000e-05	1.00000000000000e-05	0.333333333333333	0.333333333333333	1.00000000000000e-05	1.00000000000000e-05	1.00000000000000e-05
1.00000000000000e-05	0.333333333333333	1.00000000000000e-05	0.333333333333333	0.333333333333333	1.00000000000000e-05	1.00000000000000e-05	1.00000000000000e-05
1.00000000000000e-05	1.00000000000000e-05	0.333333333333333	0.333333333333333	0.333333333333333	1.00000000000000e-05	1.00000000000000e-05	1.00000000000000e-05
1.00000000000000e-05	1.00000000000000e-05	1.00000000000000e-05	0.666666666666667	0.333333333333333	1.00000000000000e-05	1.00000000000000e-05	1.00000000000000e-05
0.333333333333333	1.00000000000000e-05	1.00000000000000e-05	1.00000000000000e-05	0.666666666666667	1.00000000000000e-05	1.00000000000000e-05	1.00000000000000e-05
1.00000000000000e-05	0.333333333333333	1.00000000000000e-05	1.00000000000000e-05	0.666666666666667	1.00000000000000e-05	1.00000000000000e-05	1.00000000000000e-05
1.00000000000000e-05	1.00000000000000e-05	0.333333333333333	1.00000000000000e-05	0.666666666666667	1.00000000000000e-05	1.00000000000000e-05	1.00000000000000e-05
1.00000000000000e-05	1.00000000000000e-05	1.00000000000000e-05	0.333333333333333	0.666666666666667	1.00000000000000e-05	1.00000000000000e-05	1.00000000000000e-05
1.00000000000000e-05	1.00000000000000e-05	1.00000000000000e-05	1.00000000000000e-05	1	1.00000000000000e-05	1.00000000000000e-05	1.00000000000000e-05
0.666666666666667	1.00000000000000e-05	1.00000000000000e-05	1.00000000000000e-05	1.00000000000000e-05	0.333333333333333	1.00000000000000e-05	1.00000000000000e-05
0.333333333333333	0.333333333333333	1.00000000000000e-05	1.00000000000000e-05	1.00000000000000e-05	0.333333333333333	1.00000000000000e-05	1.00000000000000e-05
1.00000000000000e-05	0.666666666666667	1.00000000000000e-05	1.00000000000000e-05	1.00000000000000e-05	0.333333333333333	1.00000000000000e-05	1.00000000000000e-05
0.333333333333333	1.00000000000000e-05	0.333333333333333	1.00000000000000e-05	1.00000000000000e-05	0.333333333333333	1.00000000000000e-05	1.00000000000000e-05
1.00000000000000e-05	0.333333333333333	0.333333333333333	1.00000000000000e-05	1.00000000000000e-05	0.333333333333333	1.00000000000000e-05	1.00000000000000e-05
1.00000000000000e-05	1.00000000000000e-05	0.666666666666667	1.00000000000000e-05	1.00000000000000e-05	0.333333333333333	1.00000000000000e-05	1.00000000000000e-05
0.333333333333333	1.00000000000000e-05	1.00000000000000e-05	0.333333333333333	1.00000000000000e-05	0.333333333333333	1.00000000000000e-05	1.00000000000000e-05
1.00000000000000e-05	0.333333333333333	1.00000000000000e-05	0.333333333333333	1.00000000000000e-05	0.333333333333333	1.00000000000000e-05	1.00000000000000e-05
1.00000000000000e-05	1.00000000000000e-05	0.333333333333333	0.333333333333333	1.00000000000000e-05	0.333333333333333	1.00000000000000e-05	1.00000000000000e-05
1.00000000000000e-05	1.00000000000000e-05	1.00000000000000e-05	0.666666666666667	1.00000000000000e-05	0.333333333333333	1.00000000000000e-05	1.00000000000000e-05
0.333333333333333	1.00000000000000e-05	1.00000000000000e-05	1.00000000000000e-05	0.333333333333333	0.333333333333333	1.00000000000000e-05	1.00000000000000e-05
1.00000000000000e-05	0.333333333333333	1.00000000000000e-05	1.00000000000000e-05	0.333333333333333	0.333333333333333	1.00000000000000e-05	1.00000000000000e-05
1.00000000000000e-05	1.00000000000000e-05	0.333333333333333	1.00000000000000e-05	0.333333333333333	0.333333333333333	1.00000000000000e-05	1.00000000000000e-05
1.00000000000000e-05	1.00000000000000e-05	1.00000000000000e-05	0.333333333333333	0.333333333333333	0.333333333333333	1.00000000000000e-05	1.00000000000000e-05
1.00000000000000e-05	1.00000000000000e-05	1.00000000000000e-05	1.00000000000000e-05	0.666666666666667	0.333333333333333	1.00000000000000e-05	1.00000000000000e-05
0.333333333333333	1.00000000000000e-05	1.00000000000000e-05	1.00000000000000e-05	1.00000000000000e-05	0.666666666666667	1.00000000000000e-05	1.00000000000000e-05
1.00000000000000e-05	0.333333333333333	1.00000000000000e-05	1.00000000000000e-05	1.00000000000000e-05	0.666666666666667	1.00000000000000e-05	1.00000000000000e-05
1.00000000000000e-05	1.00000000000000e-05	0.333333333333333	1.00000000000000e-05	1.00000000000000e-05	0.666666666666667	1.00000000000000e-05	1.00000000000000e-05
1.00000000000000e-05	1.00000000000000e-05	1.00000000000000e-05	0.333333333333333	1.00000000000000e-05	0.666666666666667	1.00000000000000e-05	1.00000000000000e-05
1.00000000000000e-05	1.00000000000000e-05	1.00000000000000e-05	1.00000000000000e-05	0.333333333333333	0.666666666666667	1.00000000000000e-05	1.00000000000000e-05
1.00000000000000e-05	1.00000000000000e-05	1.00000000000000e-05	1.00000000000000e-05	1.00000000000000e-05	1	1.00000000000000e-05	1.00000000000000e-05
0.666666666666667	1.00000000000000e-05	1.00000000000000e-05	1.00000000000000e-05	1.00000000000000e-05	1.00000000000000e-05	0.333333333333333	1.00000000000000e-05
0.333333333333333	0.333333333333333	1.00000000000000e-05	1.00000000000000e-05	1.00000000000000e-05	1.00000000000000e-05	0.333333333333333	1.00000000000000e-05
1.00000000000000e-05	0.666666666666667	1.00000000000000e-05	1.00000000000000e-05	1.00000000000000e-05	1.00000000000000e-05	0.333333333333333	1.00000000000000e-05
0.333333333333333	1.00000000000000e-05	0.333333333333333	1.00000000000000e-05	1.00000000000000e-05	1.00000000000000e-05	0.333333333333333	1.00000000000000e-05
1.00000000000000e-05	0.333333333333333	0.333333333333333	1.00000000000000e-05	1.00000000000000e-05	1.00000000000000e-05	0.333333333333333	1.00000000000000e-05
1.00000000000000e-05	1.00000000000000e-05	0.666666666666667	1.00000000000000e-05	1.00000000000000e-05	1.00000000000000e-05	0.333333333333333	1.00000000000000e-05
0.333333333333333	1.00000000000000e-05	1.00000000000000e-05	0.333333333333333	1.00000000000000e-05	1.00000000000000e-05	0.333333333333333	1.00000000000000e-05
1.00000000000000e-05	0.333333333333333	1.00000000000000e-05	0.333333333333333	1.00000000000000e-05	1.00000000000000e-05	0.333333333333333	1.00000000000000e-05
1.00000000000000e-05	1.00000000000000e-05	0.333333333333333	0.333333333333333	1.00000000000000e-05	1.00000000000000e-05	0.333333333333333	1.00000000000000e-05
1.00000000000000e-05	1.00000000000000e-05	1.00000000000000e-05	0.666666666666667	1.00000000000000e-05	1.00000000000000e-05	0.333333333333333	1.00000000000000e-05
0.333333333333333	1.00000000000000e-05	1.00000000000000e-05	1.00000000000000e-05	0.333333333333333	1.00000000000000e-05	0.333333333333333	1.00000000000000e-05
1.00000000000000e-05	0.333333333333333	1.00000000000000e-05	1.00000000000000e-05	0.333333333333333	1.00000000000000e-05	0.333333333333333	1.00000000000000e-05
1.00000000000000e-05	1.00000000000000e-05	0.333333333333333	1.00000000000000e-05	0.333333333333333	1.00000000000000e-05	0.333333333333333	1.00000000000000e-05
1.00000000000000e-05	1.00000000000000e-05	1.00000000000000e-05	0.333333333333333	0.333333333333333	1.00000000000000e-05	0.333333333333333	1.00000000000000e-05
1.00000000000000e-05	1.00000000000000e-05	1.00000000000000e-05	1.00000000000000e-05	0.666666666666667	1.00000000000000e-05	0.333333333333333	1.00000000000000e-05
0.333333333333333	1.00000000000000e-05	1.00000000000000e-05	1.00000000000000e-05	1.00000000000000e-05	0.333333333333333	0.333333333333333	1.00000000000000e-05
1.00000000000000e-05	0.333333333333333	1.00000000000000e-05	1.00000000000000e-05	1.00000000000000e-05	0.333333333333333	0.333333333333333	1.00000000000000e-05
1.00000000000000e-05	1.00000000000000e-05	0.333333333333333	1.00000000000000e-05	1.00000000000000e-05	0.333333333333333	0.333333333333333	1.00000000000000e-05
1.00000000000000e-05	1.00000000000000e-05	1.00000000000000e-05	0.333333333333333	1.00000000000000e-05	0.333333333333333	0.333333333333333	1.00000000000000e-05
1.00000000000000e-05	1.00000000000000e-05	1.00000000000000e-05	1.00000000000000e-05	0.333333333333333	0.333333333333333	0.333333333333333	1.00000000000000e-05
1.00000000000000e-05	1.00000000000000e-05	1.00000000000000e-05	1.00000000000000e-05	1.00000000000000e-05	0.666666666666667	0.333333333333333	1.00000000000000e-05
0.333333333333333	1.00000000000000e-05	1.00000000000000e-05	1.00000000000000e-05	1.00000000000000e-05	1.00000000000000e-05	0.666666666666667	1.00000000000000e-05
1.00000000000000e-05	0.333333333333333	1.00000000000000e-05	1.00000000000000e-05	1.00000000000000e-05	1.00000000000000e-05	0.666666666666667	1.00000000000000e-05
1.00000000000000e-05	1.00000000000000e-05	0.333333333333333	1.00000000000000e-05	1.00000000000000e-05	1.00000000000000e-05	0.666666666666667	1.00000000000000e-05
1.00000000000000e-05	1.00000000000000e-05	1.00000000000000e-05	0.333333333333333	1.00000000000000e-05	1.00000000000000e-05	0.666666666666667	1.00000000000000e-05
1.00000000000000e-05	1.00000000000000e-05	1.00000000000000e-05	1.00000000000000e-05	0.333333333333333	1.00000000000000e-05	0.666666666666667	1.00000000000000e-05
1.00000000000000e-05	1.00000000000000e-05	1.00000000000000e-05	1.00000000000000e-05	1.00000000000000e-05	0.333333333333333	0.666666666666667	1.00000000000000e-05
1.00000000000000e-05	1.00000000000000e-05	1.00000000000000e-05	1.00000000000000e-05	1.00000000000000e-05	1.00000000000000e-05	1	1.00000000000000e-05
0.666666666666667	1.00000000000000e-05	1.00000000000000e-05	1.00000000000000e-05	1.00000000000000e-05	1.00000000000000e-05	1.00000000000000e-05	0.333333333333333
0.333333333333333	0.333333333333333	1.00000000000000e-05	1.00000000000000e-05	1.00000000000000e-05	1.00000000000000e-05	1.00000000000000e-05	0.333333333333333
1.00000000000000e-05	0.666666666666667	1.00000000000000e-05	1.00000000000000e-05	1.00000000000000e-05	1.00000000000000e-05	1.00000000000000e-05	0.333333333333333
0.333333333333333	1.00000000000000e-05	0.333333333333333	1.00000000000000e-05	1.00000000000000e-05	1.00000000000000e-05	1.00000000000000e-05	0.333333333333333
1.00000000000000e-05	0.333333333333333	0.333333333333333	1.00000000000000e-05	1.00000000000000e-05	1.00000000000000e-05	1.00000000000000e-05	0.333333333333333
1.00000000000000e-05	1.00000000000000e-05	0.666666666666667	1.00000000000000e-05	1.00000000000000e-05	1.00000000000000e-05	1.00000000000000e-05	0.333333333333333
0.333333333333333	1.00000000000000e-05	1.00000000000000e-05	0.333333333333333	1.00000000000000e-05	1.00000000000000e-05	1.00000000000000e-05	0.333333333333333
1.00000000000000e-05	0.333333333333333	1.00000000000000e-05	0.333333333333333	1.00000000000000e-05	1.00000000000000e-05	1.00000000000000e-05	0.333333333333333
1.00000000000000e-05	1.00000000000000e-05	0.333333333333333	0.333333333333333	1.00000000000000e-05	1.00000000000000e-05	1.00000000000000e-05	0.333333333333333
1.00000000000000e-05	1.00000000000000e-05	1.00000000000000e-05	0.666666666666667	1.00000000000000e-05	1.00000000000000e-05	1.00000000000000e-05	0.333333333333333
0.333333333333333	1.00000000000000e-05	1.00000000000000e-05	1.00000000000000e-05	0.333333333333333	1.00000000000000e-05	1.00000000000000e-05	0.333333333333333
1.00000000000000e-05	0.333333333333333	1.00000000000000e-05	1.00000000000000e-05	0.333333333333333	1.00000000000000e-05	1.00000000000000e-05	0.333333333333333
1.00000000000000e-05	1.00000000000000e-05	0.333333333333333	1.00000000000000e-05	0.333333333333333	1.00000000000000e-05	1.00000000000000e-05	0.333333333333333
1.00000000000000e-05	1.00000000000000e-05	1.00000000000000e-05	0.333333333333333	0.333333333333333	1.00000000000000e-05	1.00000000000000e-05	0.333333333333333
1.00000000000000e-05	1.00000000000000e-05	1.00000000000000e-05	1.00000000000000e-05	0.666666666666667	1.00000000000000e-05	1.00000000000000e-05	0.333333333333333
0.333333333333333	1.00000000000000e-05	1.00000000000000e-05	1.00000000000000e-05	1.00000000000000e-05	0.333333333333333	1.00000000000000e-05	0.333333333333333
1.00000000000000e-05	0.333333333333333	1.00000000000000e-05	1.00000000000000e-05	1.00000000000000e-05	0.333333333333333	1.00000000000000e-05	0.333333333333333
1.00000000000000e-05	1.00000000000000e-05	0.333333333333333	1.00000000000000e-05	1.00000000000000e-05	0.333333333333333	1.00000000000000e-05	0.333333333333333
1.00000000000000e-05	1.00000000000000e-05	1.00000000000000e-05	0.333333333333333	1.00000000000000e-05	0.333333333333333	1.00000000000000e-05	0.333333333333333
1.00000000000000e-05	1.00000000000000e-05	1.00000000000000e-05	1.00000000000000e-05	0.333333333333333	0.333333333333333	1.00000000000000e-05	0.333333333333333
1.00000000000000e-05	1.00000000000000e-05	1.00000000000000e-05	1.00000000000000e-05	1.00000000000000e-05	0.666666666666667	1.00000000000000e-05	0.333333333333333
0.333333333333333	1.00000000000000e-05	1.00000000000000e-05	1.00000000000000e-05	1.00000000000000e-05	1.00000000000000e-05	0.333333333333333	0.333333333333333
1.00000000000000e-05	0.333333333333333	1.00000000000000e-05	1.00000000000000e-05	1.00000000000000e-05	1.00000000000000e-05	0.333333333333333	0.333333333333333
1.00000000000000e-05	1.00000000000000e-05	0.333333333333333	1.00000000000000e-05	1.00000000000000e-05	1.00000000000000e-05	0.333333333333333	0.333333333333333
1.00000000000000e-05	1.00000000000000e-05	1.00000000000000e-05	0.333333333333333	1.00000000000000e-05	1.00000000000000e-05	0.333333333333333	0.333333333333333
1.00000000000000e-05	1.00000000000000e-05	1.00000000000000e-05	1.00000000000000e-05	0.333333333333333	1.00000000000000e-05	0.333333333333333	0.333333333333333
1.00000000000000e-05	1.00000000000000e-05	1.00000000000000e-05	1.00000000000000e-05	1.00000000000000e-05	0.333333333333333	0.333333333333333	0.333333333333333
1.00000000000000e-05	1.00000000000000e-05	1.00000000000000e-05	1.00000000000000e-05	1.00000000000000e-05	1.00000000000000e-05	0.666666666666667	0.333333333333333
0.333333333333333	1.00000000000000e-05	1.00000000000000e-05	1.00000000000000e-05	1.00000000000000e-05	1.00000000000000e-05	1.00000000000000e-05	0.666666666666667
1.00000000000000e-05	0.333333333333333	1.00000000000000e-05	1.00000000000000e-05	1.00000000000000e-05	1.00000000000000e-05	1.00000000000000e-05	0.666666666666667
1.00000000000000e-05	1.00000000000000e-05	0.333333333333333	1.00000000000000e-05	1.00000000000000e-05	1.00000000000000e-05	1.00000000000000e-05	0.666666666666667
1.00000000000000e-05	1.00000000000000e-05	1.00000000000000e-05	0.333333333333333	1.00000000000000e-05	1.00000000000000e-05	1.00000000000000e-05	0.666666666666667
1.00000000000000e-05	1.00000000000000e-05	1.00000000000000e-05	1.00000000000000e-05	0.333333333333333	1.00000000000000e-05	1.00000000000000e-05	0.666666666666667
1.00000000000000e-05	1.00000000000000e-05	1.00000000000000e-05	1.00000000000000e-05	1.00000000000000e-05	0.333333333333333	1.00000000000000e-05	0.666666666666667
1.00000000000000e-05	1.00000000000000e-05	1.00000000000000e-05	1.00000000000000e-05	1.00000000000000e-05	1.00000000000000e-05	0.333333333333333	0.666666666666667
1.00000000000000e-05	1.00000000000000e-05	1.00000000000000e-05	1.00000000000000e-05	1.00000000000000e-05	1.00000000000000e-05	1.00000000000000e-05	1
0.562500000000000	0.0625050000000000	0.0625050000000000	0.0625050000000000	0.0625050000000000	0.0625050000000000	0.0625050000000000	0.0625050000000000
0.312500000000000	0.312500000000000	0.0625050000000000	0.0625050000000000	0.0625050000000000	0.0625050000000000	0.0625050000000000	0.0625050000000000
0.0625050000000000	0.562500000000000	0.0625050000000000	0.0625050000000000	0.0625050000000000	0.0625050000000000	0.0625050000000000	0.0625050000000000
0.312500000000000	0.0625050000000000	0.312500000000000	0.0625050000000000	0.0625050000000000	0.0625050000000000	0.0625050000000000	0.0625050000000000
0.0625050000000000	0.312500000000000	0.312500000000000	0.0625050000000000	0.0625050000000000	0.0625050000000000	0.0625050000000000	0.0625050000000000
0.0625050000000000	0.0625050000000000	0.562500000000000	0.0625050000000000	0.0625050000000000	0.0625050000000000	0.0625050000000000	0.0625050000000000
0.312500000000000	0.0625050000000000	0.0625050000000000	0.312500000000000	0.0625050000000000	0.0625050000000000	0.0625050000000000	0.0625050000000000
0.0625050000000000	0.312500000000000	0.0625050000000000	0.312500000000000	0.0625050000000000	0.0625050000000000	0.0625050000000000	0.0625050000000000
0.0625050000000000	0.0625050000000000	0.312500000000000	0.312500000000000	0.0625050000000000	0.0625050000000000	0.0625050000000000	0.0625050000000000
0.0625050000000000	0.0625050000000000	0.0625050000000000	0.562500000000000	0.0625050000000000	0.0625050000000000	0.0625050000000000	0.0625050000000000
0.312500000000000	0.0625050000000000	0.0625050000000000	0.0625050000000000	0.312500000000000	0.0625050000000000	0.0625050000000000	0.0625050000000000
0.0625050000000000	0.312500000000000	0.0625050000000000	0.0625050000000000	0.312500000000000	0.0625050000000000	0.0625050000000000	0.0625050000000000
0.0625050000000000	0.0625050000000000	0.312500000000000	0.0625050000000000	0.312500000000000	0.0625050000000000	0.0625050000000000	0.0625050000000000
0.0625050000000000	0.0625050000000000	0.0625050000000000	0.312500000000000	0.312500000000000	0.0625050000000000	0.0625050000000000	0.0625050000000000
0.0625050000000000	0.0625050000000000	0.0625050000000000	0.0625050000000000	0.562500000000000	0.0625050000000000	0.0625050000000000	0.0625050000000000
0.312500000000000	0.0625050000000000	0.0625050000000000	0.0625050000000000	0.0625050000000000	0.312500000000000	0.0625050000000000	0.0625050000000000
0.0625050000000000	0.312500000000000	0.0625050000000000	0.0625050000000000	0.0625050000000000	0.312500000000000	0.0625050000000000	0.0625050000000000
0.0625050000000000	0.0625050000000000	0.312500000000000	0.0625050000000000	0.0625050000000000	0.312500000000000	0.0625050000000000	0.0625050000000000
0.0625050000000000	0.0625050000000000	0.0625050000000000	0.312500000000000	0.0625050000000000	0.312500000000000	0.0625050000000000	0.0625050000000000
0.0625050000000000	0.0625050000000000	0.0625050000000000	0.0625050000000000	0.312500000000000	0.312500000000000	0.0625050000000000	0.0625050000000000
0.0625050000000000	0.0625050000000000	0.0625050000000000	0.0625050000000000	0.0625050000000000	0.562500000000000	0.0625050000000000	0.0625050000000000
0.312500000000000	0.0625050000000000	0.0625050000000000	0.0625050000000000	0.0625050000000000	0.0625050000000000	0.312500000000000	0.0625050000000000
0.0625050000000000	0.312500000000000	0.0625050000000000	0.0625050000000000	0.0625050000000000	0.0625050000000000	0.312500000000000	0.0625050000000000
0.0625050000000000	0.0625050000000000	0.312500000000000	0.0625050000000000	0.0625050000000000	0.0625050000000000	0.312500000000000	0.0625050000000000
0.0625050000000000	0.0625050000000000	0.0625050000000000	0.312500000000000	0.0625050000000000	0.0625050000000000	0.312500000000000	0.0625050000000000
0.0625050000000000	0.0625050000000000	0.0625050000000000	0.0625050000000000	0.312500000000000	0.0625050000000000	0.312500000000000	0.0625050000000000
0.0625050000000000	0.0625050000000000	0.0625050000000000	0.0625050000000000	0.0625050000000000	0.312500000000000	0.312500000000000	0.0625050000000000
0.0625050000000000	0.0625050000000000	0.0625050000000000	0.0625050000000000	0.0625050000000000	0.0625050000000000	0.562500000000000	0.0625050000000000
0.312500000000000	0.0625050000000000	0.0625050000000000	0.0625050000000000	0.0625050000000000	0.0625050000000000	0.0625050000000000	0.312500000000000
0.0625050000000000	0.312500000000000	0.0625050000000000	0.0625050000000000	0.0625050000000000	0.0625050000000000	0.0625050000000000	0.312500000000000
0.0625050000000000	0.0625050000000000	0.312500000000000	0.0625050000000000	0.0625050000000000	0.0625050000000000	0.0625050000000000	0.312500000000000
0.0625050000000000	0.0625050000000000	0.0625050000000000	0.312500000000000	0.0625050000000000	0.0625050000000000	0.0625050000000000	0.312500000000000
0.0625050000000000	0.0625050000000000	0.0625050000000000	0.0625050000000000	0.312500000000000	0.0625050000000000	0.0625050000000000	0.312500000000000
0.0625050000000000	0.0625050000000000	0.0625050000000000	0.0625050000000000	0.0625050000000000	0.312500000000000	0.0625050000000000	0.312500000000000
0.0625050000000000	0.0625050000000000	0.0625050000000000	0.0625050000000000	0.0625050000000000	0.0625050000000000	0.312500000000000	0.312500000000000
0.0625050000000000	0.0625050000000000	0.0625050000000000	0.0625050000000000	0.0625050000000000	0.0625050000000000	0.0625050000000000	0.562500000000000
